2.603174366040022505e+03
1.471242542272245893e-02
1.893351508147494283e-02
1.082645227929256507e-02
1.183688091252492469e-02
1.075516887836410265e-02
9.348381462972005576e-03
8.253200599743392568e-03
7.412149573401656706e-03
8.060009181716008483e-03
7.333908621095798150e-03
7.490368354686023460e-03
6.534916471254720131e-03
7.053479499127615626e-03
6.185370062266226827e-03
6.674857837628232586e-03
6.762800127197893078e-03
6.405422076864774987e-03
6.391812286033958859e-03
6.374904686925832002e-03
6.466853587533008194e-03
6.196786548829743071e-03
6.717621519734043138e-03
6.131286832186956179e-03
6.321780455276539493e-03
5.862244564742695278e-03
5.993998778249945772e-03
5.430307951571465390e-03
5.911993022828855929e-03
5.834298126336412600e-03
5.655243978380726164e-03
5.969661442370924852e-03
5.528756747069230384e-03
5.981286673393865563e-03
5.621944472135309394e-03
5.778924475878337991e-03
5.824406195254717630e-03
5.809514385279980660e-03
5.905083740383916709e-03
5.833802808324408187e-03
5.656243222604948398e-03
5.725511801024830635e-03
5.530049422467394823e-03
5.706880518080074613e-03
5.545696258534676439e-03
5.564180666750496995e-03
5.446227853561106010e-03
5.536044391381088510e-03
5.506348094119348051e-03
5.345487182025591109e-03
5.603637170150856800e-03
5.381688034034467008e-03
5.390062565546048512e-03
5.546163349512115218e-03
5.550299316244461899e-03
5.345586456765418285e-03
5.208758973830691398e-03
5.508731999060567999e-03
5.210303990645263200e-03
5.394408714181646823e-03
5.108880249530678777e-03
5.252534183526493157e-03
5.105919107806800375e-03
5.336016815861504073e-03
5.292504035139612532e-03
5.323111963410809624e-03
5.190522415981632318e-03
5.099994223931422072e-03
5.290797791605178838e-03
5.206048602342725623e-03
5.168015840649844636e-03
5.229738263116233063e-03
5.179233529173815978e-03
4.991856951468314103e-03
5.207353857585481430e-03
5.088189762346911199e-03
5.247962171142513468e-03
5.121253319741947418e-03
5.178670643221559150e-03
5.019800479324905765e-03
5.095023221172716166e-03
5.110217280490838253e-03
5.096756121428911226e-03
5.008304609628394521e-03
5.066892869207003172e-03
5.064354192436342113e-03
4.929632878159539641e-03
4.964058319629230560e-03
5.151608302380532300e-03
4.926510247300746985e-03
4.932769493162964501e-03
5.080833568082627691e-03
5.184765710340143510e-03
4.936562954972410419e-03
5.184928299748774519e-03
4.942478496671740343e-03
4.942867908410406887e-03
5.209304573206187047e-03
4.842791507185238188e-03
4.953775989268315375e-03
4.977792758731653874e-03
4.926549262644698210e-03
4.875742107816318990e-03
4.848737735296826563e-03
4.934006209944122312e-03
4.994717430647340785e-03
5.011880926655021620e-03
4.935309414103282617e-03
4.887481968590661613e-03
4.845416069954165683e-03
4.999090714224449852e-03
5.083785911152922596e-03
4.942932455410275171e-03
4.952611898033570242e-03
4.714249786129410050e-03
4.992792910640249208e-03
4.934992423602816911e-03
4.988664250608575851e-03
4.830878234847903532e-03
5.126036001953903666e-03
4.821748634960649864e-03
4.736180813083140304e-03
4.914638504493998479e-03
4.855447154377648400e-03
4.994211831393359675e-03
4.969973111849366500e-03
4.856913571646455027e-03
4.792704535692076696e-03
4.896267173473585477e-03
4.874060216864740946e-03
4.915268952218833712e-03
4.753313393206124240e-03
4.976985890592191750e-03
4.828749373459341812e-03
4.856921038194574394e-03
4.708041845423954416e-03
4.839696417847661955e-03
4.832343129622794498e-03
4.831763829770724557e-03
4.817704371491282958e-03
4.749462137312869710e-03
4.808106006818879154e-03
4.839853298148319265e-03
4.743267197433421838e-03
4.720684648037571686e-03
4.850211627360162189e-03
4.765830493071441729e-03
4.880228962072239926e-03
4.777985001875225887e-03
4.881063323929636308e-03
5.032552912196818114e-03
4.868029408792935546e-03
4.735088922697431625e-03
4.836985243756003472e-03
4.775189409262452049e-03
4.894777995820656299e-03
4.764899457964251114e-03
4.817870039464076243e-03
4.852287380396968532e-03
4.752521064214483559e-03
4.885664450766049119e-03
4.725577446966808086e-03
4.827866534349066832e-03
4.842802097698700910e-03
4.788561931854192107e-03
4.854801182255980875e-03
4.816572843622071373e-03
4.784728726335315055e-03
4.832093267058232278e-03
4.768032439609220727e-03
4.737989335348780605e-03
4.697356364136711857e-03
4.727498925215812067e-03
4.730258398435959778e-03
4.797297377521733339e-03
4.739197534194820004e-03
4.834682358810958244e-03
4.739579328046546365e-03
4.730761093761319883e-03
4.766569602591785512e-03
4.748807040115001453e-03
4.862836456404938737e-03
4.780307242480371852e-03
4.781066780230111037e-03
4.774953832355513690e-03
4.693259967317351192e-03
4.780935400538486105e-03
4.722870098120942467e-03
4.780104020457942061e-03
4.699458052598346793e-03
4.795484706679933352e-03
4.798177735181134544e-03
4.762173392761734347e-03
4.735831286519289439e-03
4.675586013637466828e-03
4.741707744882705383e-03
4.807951289354040272e-03
4.638326837985555853e-03
4.691868209251734076e-03
4.673411015877901135e-03
4.682119073768728316e-03
4.718962596666188836e-03
4.680085092687134504e-03
4.719309574919425092e-03
4.831255466610241342e-03
4.683026291053401721e-03
4.724650463777993817e-03
4.649963827828885315e-03
4.754732046203981842e-03
4.675556114442695754e-03
4.740647580233876314e-03
4.756681039958358254e-03
4.725581863281379941e-03
4.676700913368043305e-03
4.666119383508548525e-03
4.680294527315597211e-03
4.607256854246577667e-03
4.700829907628517601e-03
4.718941273271542482e-03
4.709028102365854160e-03
4.766554710905296539e-03
4.723001025764715990e-03
4.624556715450660674e-03
4.665710803673859229e-03
4.614137365233955852e-03
4.656113078535828800e-03
4.645183426206988750e-03
4.717909815173467088e-03
4.672968075666503011e-03
4.666227451891919072e-03
4.676147643598927914e-03
4.721639043579470459e-03
4.639970540482917308e-03
4.711628515684620697e-03
4.631176676153843721e-03
4.652559436244430024e-03
4.634237607877286086e-03
4.590653957918045328e-03
4.677699865834814008e-03
4.677674849801285485e-03
4.609040834433142386e-03
4.692519396879613405e-03
4.717064148815438250e-03
4.567051052431448863e-03
4.747332366258614524e-03
4.692359235128809765e-03
4.664280407341394805e-03
4.625149097715513906e-03
4.526378831080630702e-03
4.695142947178761877e-03
4.677244682131241789e-03
4.670813571865875188e-03
4.625661197374469728e-03
4.668348641350554377e-03
4.676928276568920878e-03
4.613501982105778533e-03
4.682351862843236491e-03
4.729280535927705628e-03
4.601550092443675369e-03
4.664246699310297534e-03
4.630184690024867836e-03
4.641290619621200007e-03
4.634334892600491286e-03
4.632118438510214424e-03
4.707247480359313431e-03
4.593464217366860849e-03
4.643874319051315841e-03
4.678101451149275537e-03
4.641566968458816361e-03
4.574470811427200356e-03
4.607161455581943940e-03
4.582865157463685522e-03
4.666038263755508710e-03
4.572687389601858346e-03
4.618051821426393672e-03
4.590029870464577832e-03
4.583408261526540628e-03
4.597674784330700593e-03
4.637893908842760302e-03
4.560117027200745812e-03
4.651281990127925127e-03
4.632209930528258593e-03
4.662144447785216902e-03
4.625852016610173048e-03
4.568571518254445005e-03
4.575273446237290535e-03
4.623469279148240824e-03
4.538759820451355141e-03
4.702995057622953896e-03
4.696139017225911018e-03
4.667161153102674168e-03
4.662416578068749075e-03
4.614880872878699899e-03
4.629806137796390816e-03
4.574720697344838993e-03
4.648218723741248323e-03
4.617300519312909912e-03
4.628506288669327270e-03
4.549764937294211407e-03
4.611426627654627124e-03
4.593967781570041341e-03
4.685379619120922864e-03
4.620257193348217654e-03
4.593161787803172642e-03
4.583819069477535098e-03
4.612657922107264719e-03
4.584018394359336453e-03
4.634994077320043517e-03
4.602832930055055817e-03
4.605206392786001350e-03
4.579631130874716252e-03
4.628495277648142156e-03
4.586473410599116105e-03
4.536619752407656560e-03
4.533997895344822268e-03
4.629655429347713513e-03
4.571621564102539524e-03
4.563017970624913718e-03
4.508503238087015023e-03
4.624637974466114590e-03
4.616740612579529890e-03
4.575859111020758388e-03
4.550612159840731683e-03
4.651358532092659398e-03
4.579276002591445467e-03
4.494058194220468261e-03
4.605330420653879278e-03
4.580718395704599412e-03
4.544028758535510748e-03
4.542210195011498787e-03
4.626636508792097806e-03
4.525759187453915963e-03
4.638647546925143278e-03
4.608160999603007173e-03
4.629228504791210556e-03
4.492691378763306355e-03
4.605954169283519271e-03
4.505699119328222813e-03
4.575919561000313385e-03
4.620938801230973711e-03
4.612379635661146768e-03
4.585774400611703459e-03
4.576330163878176635e-03
4.555876845426893793e-03
4.582926307769202671e-03
4.576061191787846212e-03
4.595646026402742945e-03
4.552126983681938945e-03
4.584683392947852196e-03
4.574861521735918736e-03
4.606454029436484778e-03
4.544131225474933727e-03
4.538867842043519361e-03
4.577409212637822446e-03
4.555165014376610054e-03
4.562433899388081658e-03
4.542199805342190741e-03
4.541657054159329091e-03
4.588430354357799293e-03
4.572995075394035470e-03
4.560291105944016751e-03
4.514083262039871904e-03
4.549208981448029515e-03
4.542106789868096024e-03
4.617441487308930961e-03
4.504348053449766347e-03
4.554045023165287885e-03
4.456592262091278039e-03
4.533884462294093809e-03
4.578720885627024506e-03
4.538678097261713423e-03
4.575828920588733383e-03
4.581608442679161591e-03
4.531105969138154825e-03
4.576825248362207180e-03
4.603496937572623161e-03
4.530747179161968147e-03
4.549064044721666707e-03
4.580786990840373177e-03
4.515443226051176970e-03
4.540653329180238153e-03
4.544929284894388966e-03
4.552712408027031858e-03
4.527003347352861681e-03
4.518226077570046059e-03
4.568194381462885832e-03
4.598292152755435389e-03
4.557961704678393892e-03
4.486548778041191295e-03
4.553125960510500010e-03
4.475479013968036018e-03
4.553659531916698019e-03
4.502601461922333022e-03
4.464105342461282752e-03
4.551952519442275386e-03
4.557525174588782438e-03
4.525647214345594922e-03
4.490661851422599916e-03
4.559271057047168361e-03
4.484119503097990303e-03
4.512626255899337795e-03
4.544383655824705236e-03
4.587970954260294290e-03
4.592271978630024440e-03
4.559076623936264214e-03
4.541544668891614629e-03
4.517694653954050683e-03
4.566205418663029855e-03
4.518094918549413024e-03
4.529642504620375390e-03
4.537167966324879426e-03
4.629602317172289323e-03
4.498803332135473641e-03
4.520115029257800940e-03
4.567471633879209569e-03
4.535289147385906938e-03
4.549661287038328852e-03
4.587387334593961974e-03
4.521928955864025663e-03
4.589578600915690879e-03
4.514517448023227034e-03
4.525490344819150731e-03
4.513604736903774166e-03
4.539064891251301699e-03
4.466545435180234447e-03
4.488674888677335502e-03
4.424065629497741722e-03
4.496150486772387996e-03
4.524708108877490906e-03
4.482732339335194181e-03
4.486025685573534830e-03
4.523757756973749086e-03
4.477719596307999303e-03
4.560859449821376768e-03
4.503378495279745757e-03
4.559164595814299038e-03
4.442651112352093493e-03
4.623830140327917469e-03
4.481213743471323084e-03
4.553132124798174932e-03
4.611813841504961396e-03
4.590083812616636318e-03
4.516223596874888689e-03
4.544078444972834627e-03
4.469321722049135817e-03
4.513834908251975787e-03
4.541247501353670377e-03
4.519458633802663633e-03
4.486132045615672144e-03
4.538429150500049997e-03
4.500861429073442672e-03
4.500735724708201935e-03
4.502456778469847778e-03
4.484885684432923618e-03
4.485433768873362155e-03
4.494198759672153771e-03
4.551164441361188820e-03
4.486744539281840513e-03
4.522395603029751368e-03
4.517197519415262243e-03
4.503359104360300097e-03
4.490553902389646072e-03
4.532214586824338809e-03
4.540260882410272411e-03
4.520748347375263751e-03
4.517487122643658835e-03
4.501941072087699280e-03
4.505676326831228873e-03
4.521383335249291348e-03
4.505169701803829301e-03
4.534531325659827729e-03
4.469027532533552394e-03
4.489077314938237986e-03
4.467665435735727018e-03
4.466402171167757444e-03
4.507217464649273045e-03
4.419109833834919572e-03
4.490849312785354791e-03
4.433689109907832174e-03
4.501898483217836242e-03
4.493861613596201662e-03
4.507071710627571191e-03
4.511158774751166355e-03
4.529368472187214438e-03
4.483283430301758868e-03
4.425439294022863110e-03
4.525007490506707461e-03
4.520197412673774597e-03
4.495382736041326870e-03
4.489911202865303624e-03
4.527248403537024318e-03
4.464141843544968714e-03
4.500835515139667807e-03
4.477373177245900886e-03
4.485039111911994988e-03
4.480329104525175750e-03
4.527457949323430986e-03
4.467309584200345254e-03
4.483350965694770339e-03
4.552090335288665711e-03
4.438780382395823149e-03
4.512297540970398868e-03
4.463675375202815279e-03
4.541096356976772469e-03
4.476247517677679408e-03
4.523713468341952412e-03
4.490340020966979671e-03
4.473281583161395000e-03
4.472373684852747402e-03
4.536086956786737449e-03
4.415723366142302979e-03
4.517683376022719674e-03
4.501532398376931199e-03
4.453864579462243900e-03
4.499311218811774017e-03
4.462597204729436100e-03
4.490052405525936201e-03
4.542402568963851799e-03
4.472545463528077546e-03
4.456908951079550062e-03
4.455394426465581273e-03
4.497919767622285576e-03
4.472532501572131468e-03
4.492686656469303472e-03
4.468882024418766898e-03
4.432343220420989667e-03
4.487250120152904906e-03
4.487105171049725512e-03
4.474926586099586129e-03
4.451724573760551876e-03
4.503576462526893108e-03
4.507772933664235503e-03
4.456323477942196985e-03
4.529289754591765520e-03
4.504987710502028099e-03
4.486024581029534296e-03
4.439969267417422615e-03
4.484796752105232355e-03
4.421381267299090249e-03
4.469816150033582500e-03
4.494941433664786934e-03
4.460636970786459495e-03
4.496608881573041158e-03
4.442180078306311522e-03
4.492728297957048443e-03
4.491569068357300666e-03
4.423518693285108556e-03
4.407493043599166119e-03
4.510588780650487233e-03
4.460045711747935050e-03
4.454028464376110982e-03
4.474373476826044166e-03
4.483224141025625269e-03
4.498414180639061059e-03
4.486013833987478536e-03
4.448740635860778600e-03
4.496358137603853437e-03
4.456445236101411710e-03
4.462968383663429468e-03
4.489060326370827511e-03
4.412224831585915760e-03
4.435983409584834045e-03
4.485592355350706377e-03
4.448109912840317662e-03
4.475918870500716386e-03
4.437981735462394675e-03
4.496593404351200210e-03
4.472838348376306783e-03
4.519998216307457954e-03
4.452760433707088523e-03
4.481937528139525242e-03
4.425972682107732516e-03
4.518263066054439489e-03
4.497599868797092990e-03
4.459080741279995534e-03
4.464426459024752741e-03
4.436311617720694982e-03
4.409381473224378498e-03
4.531521213432488857e-03
4.529383623499029857e-03
4.443541578078562954e-03
4.536963568285661344e-03
4.435406616938851812e-03
4.477169701801454217e-03
4.510874492528487399e-03
4.445044824782484923e-03
4.487953677805208916e-03
4.442806576076377238e-03
4.441885046142601476e-03
4.493518295033160394e-03
4.419878200410706608e-03
4.458862885658919535e-03
4.439913451313342793e-03
4.485172637048047938e-03
4.436189359677362651e-03
4.452951418091183333e-03
4.454232875115617801e-03
4.449909710829572443e-03
4.486001882527708776e-03
4.497428177567200890e-03
4.423045841384091320e-03
4.425385054516140296e-03
4.409796958075517040e-03
4.435878148906692402e-03
4.387999664372631628e-03
4.464804929403381681e-03
4.462316186595384135e-03
4.489401693800555704e-03
4.442367365240662384e-03
4.413570601507195955e-03
4.508243790682331560e-03
4.507583989738273011e-03
4.418083769690142951e-03
4.518611163977113640e-03
4.458400225633861805e-03
4.407580443823513015e-03
4.419065100480784949e-03
4.429626548287881119e-03
4.428172043946987727e-03
4.446189365761614269e-03
4.499408852298525038e-03
4.436103016203137191e-03
4.431606985742167840e-03
4.508788887166356556e-03
4.444490403694912294e-03
4.479269137663300163e-03
4.461864842350590603e-03
4.480763610442460056e-03
4.468143860653526686e-03
4.481503380797631671e-03
4.484786354051875645e-03
4.433227733390765306e-03
4.471052149233344097e-03
4.442477373411371500e-03
4.370160852038047425e-03
4.493215882866437999e-03
4.412273513709765241e-03
4.481095253742151466e-03
4.398404298163359309e-03
4.387844749236791651e-03
4.381075135568084436e-03
4.465179313409947844e-03
4.465375501655420923e-03
4.458935443409033257e-03
4.405085410498233052e-03
4.431446189177292230e-03
4.446606784874514856e-03
4.435885628397027644e-03
4.455667077953396303e-03
4.481277639484455497e-03
4.468868356211850787e-03
4.478022995323139785e-03
4.447033674486442802e-03
4.457106481608394399e-03
4.473049316117508681e-03
4.430958683426028041e-03
4.386968439335989234e-03
4.439577396738107751e-03
4.401589470139330267e-03
4.427831195443923326e-03
4.461665365805974129e-03
4.463583017159855268e-03
4.441952074690285086e-03
4.477067301048480788e-03
4.465897878319234973e-03
4.441144919901561343e-03
4.438032994979488298e-03
4.440721350838744245e-03
4.445487235050358220e-03
4.455041590453968567e-03
4.420092835213235843e-03
4.413072586386269057e-03
4.391235122089750045e-03
4.413985102344868301e-03
4.450891907062187736e-03
4.447283423847792592e-03
4.440300203210059346e-03
4.455819756116170295e-03
4.424896688716655965e-03
4.450784531911386628e-03
4.445349715991451373e-03
4.426597692579689776e-03
4.393002136123153566e-03
4.393976452985050470e-03
4.435834834857296620e-03
4.450602484073167518e-03
4.444818487614101560e-03
4.394667768768184199e-03
4.400518751317949659e-03
4.407230119407652864e-03
4.426886560699882026e-03
4.445681024351340327e-03
4.450579541694040832e-03
4.465346683622957100e-03
4.445205869465881053e-03
4.453167214431455294e-03
4.398408865689299244e-03
4.388304123647697105e-03
4.422658366518283056e-03
4.454944734230840801e-03
4.453457440137876741e-03
4.438602608573967087e-03
4.452138274106108920e-03
4.450445207351261950e-03
4.432915984141813127e-03
4.450460665081963293e-03
4.458672175721227829e-03
4.411620600463504217e-03
4.442351183491679949e-03
4.423792007137940588e-03
4.405490468785263833e-03
4.442656579509949265e-03
4.431846197755681324e-03
4.465828310903308986e-03
4.396183229845892007e-03
4.474221083415811165e-03
4.431668780787328607e-03
4.415918988729158889e-03
4.471697600223846492e-03
4.393724230135716800e-03
4.442659596010379783e-03
4.424727348345869338e-03
4.452618717876160627e-03
4.394358022571726724e-03
4.426317570842403654e-03
4.401111497590631978e-03
4.409999270977689456e-03
4.420881422348592500e-03
4.435696595037587169e-03
4.470446522600734704e-03
4.456298820442975740e-03
4.445234978933601880e-03
4.401349579086231804e-03
4.415736490259377332e-03
4.446231341186551375e-03
4.458281066379658417e-03
4.441040785148792601e-03
4.400785972946169751e-03
4.441184275007776031e-03
4.427555531336225571e-03
4.424152679192576085e-03
4.418341663579732070e-03
4.399791925086618538e-03
4.411801397382494883e-03
4.467687564615742749e-03
4.419165292143501303e-03
4.391782524496013786e-03
4.422106123735969688e-03
4.384168781649625153e-03
4.468129602601048425e-03
4.462207242447385237e-03
4.427552293751919020e-03
4.414824937270201040e-03
4.405143710437671618e-03
4.381955854701204654e-03
4.389564324254252234e-03
4.442459874962724833e-03
4.432882906082421734e-03
4.391424767188473015e-03
4.461844857963919928e-03
4.402674541041574040e-03
4.377167195472528305e-03
4.482853006527654470e-03
4.426627873915451108e-03
4.449295771392214674e-03
4.399542223155613989e-03
4.381241446515996181e-03
4.375045505410167859e-03
4.432849655826511144e-03
4.430467460910575764e-03
4.411783567440448646e-03
4.423680506466177303e-03
4.423617323974646937e-03
4.449003803193017290e-03
4.467209828181940325e-03
4.389603280414713753e-03
4.393314812936164292e-03
4.406310072692801519e-03
4.420043898501782760e-03
4.417963249639493550e-03
4.429671727518508587e-03
4.443412528810768494e-03
4.408597749678878214e-03
4.440624895025493610e-03
4.408131779887781987e-03
4.437367477549159292e-03
4.423987776078983948e-03
4.406450721693570480e-03
4.433612550568739874e-03
4.476067896051541366e-03
4.414674158688069137e-03
4.413280093174401682e-03
4.424534229417869183e-03
4.450727075422615878e-03
4.439603243836323827e-03
4.428118617460411778e-03
4.391229734351656706e-03
4.428478235356483016e-03
4.412529029826528504e-03
4.408218177426704611e-03
4.443273147468120368e-03
4.422249854935468398e-03
4.393263719748423737e-03
4.410623484025985759e-03
4.413940408016138114e-03
4.370068606870815275e-03
4.433521890485737395e-03
4.353808711562622002e-03
4.383876362104555634e-03
4.432182915491056016e-03
4.412182531005686206e-03
4.420020828787172770e-03
4.429335947824756571e-03
4.438189685550110973e-03
4.404078494899163823e-03
4.387591328356547395e-03
4.399259383436564599e-03
4.441784698625097713e-03
4.422590566372173668e-03
4.381895304594501765e-03
4.430508113882907981e-03
4.382673936199259733e-03
4.424024440658289731e-03
4.395215835064486369e-03
4.405112271983663112e-03
4.386094992071798079e-03
4.388613732964417001e-03
4.420050414000442456e-03
4.413490316103568616e-03
4.393133101386347689e-03
4.419704775223525992e-03
4.430915871206759192e-03
4.451177409686595150e-03
4.387888942918610757e-03
4.369898225491134977e-03
4.391576940206724441e-03
4.451109219050767077e-03
4.419886163175333962e-03
4.390049729604208681e-03
4.404663869976889641e-03
4.440975454686279730e-03
4.425205448418941499e-03
4.447881694705351288e-03
4.411270237107610577e-03
4.397506110989176861e-03
4.421917878411321147e-03
4.387114443720824958e-03
4.402658439462103258e-03
4.423411599129799081e-03
4.417425529671979885e-03
4.401946841132553696e-03
4.372565283163676667e-03
4.371686276297533959e-03
4.407097606546649289e-03
4.401847534146960568e-03
4.398210518082468906e-03
4.452386718960971504e-03
4.439516244110401286e-03
4.396981252808069077e-03
4.375206041628001800e-03
4.364630004159333887e-03
4.403696826776645756e-03
4.440811887236816372e-03
4.397104527687728352e-03
4.401958028684320630e-03
4.392160813841858476e-03
4.407998236110088723e-03
4.393273781629217570e-03
4.431721092639840688e-03
4.355228285856126147e-03
4.382838890102596675e-03
4.425668143486120344e-03
4.388102217110453375e-03
4.420724413898347027e-03
4.411482089695366142e-03
4.370614218529548720e-03
4.419804291332089796e-03
4.358082619566659363e-03
4.380616082377979809e-03
4.423570372240479692e-03
4.380148768648507197e-03
4.371843060702461543e-03
4.435718920809073908e-03
4.340737301459838757e-03
4.408814663447285440e-03
4.418147912087266697e-03
4.413847683044815409e-03
4.388127678508565652e-03
4.423844265990633726e-03
4.324687848396359911e-03
4.373938217875757324e-03
4.383991334641462387e-03
4.393054864168281608e-03
4.382687961983608785e-03
4.355167792945122823e-03
4.374197693862644232e-03
4.427407707358136865e-03
4.417849264823579467e-03
4.430947428824349478e-03
4.393032206127743186e-03
4.401299995794338490e-03
4.369382451997467012e-03
4.357740871263161148e-03
4.384791707823521012e-03
4.370069022683488631e-03
4.372036226361429752e-03
4.398347901955780397e-03
4.449647928594070712e-03
4.424705580488252216e-03
4.404097268848436615e-03
4.407568971876744610e-03
4.420784565126159062e-03
4.422417567991323781e-03
4.334384297609948991e-03
4.409640416721902038e-03
4.386903112149104396e-03
4.381713733287660381e-03
4.386571115306099437e-03
4.420494243385121591e-03
4.400551088384148900e-03
4.414059024626636359e-03
4.366885319483876024e-03
4.378220055002067512e-03
4.400592266438472892e-03
4.372311028538731527e-03
4.426163069835284576e-03
4.378238327161165788e-03
4.418813414793895146e-03
4.390577816633043848e-03
4.402559565777470346e-03
4.415897811859607544e-03
4.405637701358424904e-03
4.416381110431685103e-03
4.376546854428748495e-03
4.381101671180346636e-03
4.376287234714470488e-03
4.360344647601069497e-03
4.397222242994366925e-03
4.377055390307913081e-03
4.405070124907736577e-03
4.416767019411681726e-03
4.399163308478711530e-03
4.345092341444549769e-03
4.393115341243066310e-03
4.375048406366742644e-03
4.371261876203869426e-03
4.382963024288704865e-03
4.346236072919424688e-03
4.416055194139012485e-03
4.409405737083245923e-03
4.321789016789942192e-03
4.444824431359727449e-03
4.373492667330199438e-03
4.363572469944106656e-03
4.436102214615484166e-03
4.400000642660035696e-03
4.396231770749847202e-03
4.440731217954260387e-03
4.374054111318107993e-03
4.406168813323804376e-03
4.410593742397199250e-03
4.366455064887190228e-03
4.427629701390456765e-03
4.415261639226332642e-03
4.355838112687396638e-03
4.413879264080655673e-03
4.393412190930581426e-03
4.387010217377233616e-03
4.349996472136189590e-03
4.365224430172657925e-03
4.355220593902205985e-03
4.384248056579229461e-03
4.408541296699935649e-03
4.396572475926107185e-03
4.390752582055931601e-03
4.397017482026144286e-03
4.359686412422398086e-03
4.391323889631650393e-03
4.397488780150010310e-03
4.348629192574273057e-03
4.390895392855943651e-03
4.414079825324198313e-03
4.379523989830152488e-03
4.395785798682190840e-03
4.386314043241306901e-03
4.330836818314151918e-03
4.413930411140304898e-03
4.378430863222251487e-03
4.366135516689102249e-03
4.348116002107568420e-03
4.380108037507733643e-03
4.409553366876836286e-03
4.373166365111138751e-03
4.394905018591461869e-03
4.421040370850552736e-03
4.384960491764685643e-03
4.347686388219458228e-03
4.439587343343336448e-03
4.351640012846838546e-03
4.384815864492659990e-03
4.382698431123334924e-03
4.363052242233823354e-03
4.322658377144828444e-03
4.395548173152728257e-03
4.361240157778682215e-03
4.366930572791204862e-03
4.348664182209789272e-03
4.378286287895595714e-03
4.412337356718212811e-03
4.410483468702098599e-03
4.387051509814375930e-03
4.358120397847715759e-03
4.375443924785499608e-03
4.399871099049225930e-03
4.404842112652638912e-03
4.372279568822419471e-03
4.386644801754507710e-03
4.384408597868492789e-03
4.380382418329562336e-03
4.374371495059039931e-03
4.383908850808115529e-03
4.368685527968575733e-03
4.370670457889750532e-03
4.365406945224659455e-03
4.353954628178948252e-03
4.365066522146894210e-03
4.395332359621086440e-03
4.366394159745089557e-03
4.380876338488490403e-03
4.355125353364746807e-03
4.418146347394086119e-03
4.415931727131499653e-03
4.385443723259442941e-03
4.367338139186285884e-03
4.399476037745471066e-03
4.425476404715632771e-03
4.350980787322169217e-03
4.392996377740627546e-03
4.396761576025828497e-03
4.395802157265931917e-03
4.407637171544487656e-03
4.389559505107561155e-03
4.375070484644687230e-03
4.335735255768225459e-03
4.396229272016030989e-03
4.378845950784223187e-03
4.388935407504629058e-03
4.416491028364536234e-03
4.382104384121352295e-03
4.377688050849717037e-03
4.381467213096935931e-03
4.383517451190661190e-03
4.403836897768079878e-03
4.363105980399843709e-03
4.341066813630274461e-03
4.391660507606814576e-03
4.377607480477675381e-03
4.362486171854381908e-03
4.402352715203968099e-03
4.356827410343673719e-03
4.367758525533495424e-03
4.376568382400736028e-03
4.372642931702848054e-03
4.359519798057450053e-03
4.380809944548239368e-03
4.360962020188078117e-03
4.366291897667613428e-03
4.359077208863395593e-03
4.404911853106993971e-03
4.377364935531583533e-03
4.371768539194894297e-03
4.406007518200099997e-03
4.365747372489540631e-03
4.382567462961263483e-03
4.393004576000822392e-03
4.380832321973854998e-03
4.395526518958727848e-03
4.390877305247425921e-03
4.387020390418159763e-03
4.372866707404468763e-03
4.404102669553319055e-03
4.386924330827037151e-03
4.422373715127164359e-03
4.347599793304629187e-03
4.378130991651260281e-03
4.385625460637077727e-03
4.379890464705725288e-03
4.348561880747654415e-03
4.385974439566859423e-03
4.361741637459293393e-03
4.343033398854648577e-03
4.396480119012461697e-03
4.371732004641831759e-03
4.384102998505595879e-03
4.381597275311760464e-03
4.384836087329774083e-03
4.367763181891120422e-03
4.402403767664977638e-03
4.403187540110137417e-03
4.374654201200880131e-03
4.326921466165007703e-03
4.367253994052334130e-03
4.360036978358004280e-03
4.398556004862875374e-03
4.348464459280950746e-03
4.393411434609012685e-03
4.378164102849128013e-03
4.373837627859132951e-03
4.358218872223080728e-03
4.376019827469964166e-03
4.367458229924664655e-03
4.379162955952398649e-03
4.380105741297893318e-03
4.368040548227073230e-03
4.399355146874599047e-03
4.365477878059001796e-03
4.358379348816868518e-03
4.321573385744832338e-03
4.361926236585338471e-03
4.383202259435363922e-03
4.389758221458190009e-03
4.386022977568177286e-03
4.381894776107597353e-03
4.370443547496524576e-03
4.380439843589438616e-03
4.336575908280059302e-03
4.358200488050360116e-03
4.359108253869258508e-03
4.358022503103925298e-03
4.367434333065746757e-03
4.391171596889641149e-03
4.359725522571980538e-03
4.368669104828241077e-03
4.363520229257630313e-03
4.381914275569763831e-03
4.381354295711953686e-03
4.378465050997357166e-03
4.383060229739799488e-03
4.360065292020253239e-03
4.382983617133073828e-03
4.352914397020809720e-03
4.378669749544442102e-03
4.370508151457523985e-03
4.399083357128566116e-03
4.393325309485059983e-03
4.366700536496923545e-03
4.357535412473653377e-03
4.350201410553223950e-03
4.350048594383248805e-03
4.351739754165770933e-03
4.370633286865069529e-03
4.358881139885105449e-03
4.357592982704801624e-03
4.385951739789844747e-03
4.351850811321031180e-03
4.357762649928660637e-03
4.363201442137715040e-03
4.365821862940792372e-03
4.357454377644820118e-03
4.379584448592719996e-03
4.386681265554850592e-03
4.363933335468729580e-03
4.402928430317741906e-03
4.382046899921106936e-03
4.376454454433596764e-03
4.379338781982019917e-03
4.369228839806308870e-03
4.370102107533755179e-03
4.337667286798744387e-03
4.374957944952627062e-03
4.381641775658421528e-03
4.391526971205740593e-03
4.368011457566585085e-03
4.402189854892300976e-03
4.350361676926469377e-03
4.367679031930114114e-03
4.332751705481594287e-03
4.365022638887146832e-03
4.350133065131692525e-03
4.375736781068382576e-03
4.371734600278636210e-03
4.349516642141735071e-03
4.348988153592194331e-03
4.354649086005092304e-03
4.382294331618340547e-03
4.374113919257632474e-03
4.347175952575509789e-03
4.352941344486828748e-03
4.367048960126533076e-03
4.386277257247402257e-03
4.390140346619138614e-03
4.392919100285677669e-03
4.406670509378385510e-03
4.364413806070424964e-03
4.373139379107410241e-03
4.387331371907591052e-03
4.359053385093915843e-03
4.396193879051466663e-03
4.353314045762017061e-03
4.364584385120338743e-03
4.344472838800602157e-03
4.352755384432321732e-03
4.365480109417846019e-03
4.324696770114644200e-03
4.385076572650904898e-03
4.349665942056611494e-03
4.346321533620352978e-03
4.308299015389292080e-03
4.339814634737424077e-03
4.319997076319207797e-03
4.395038162514419873e-03
4.376864386956701332e-03
4.390566265523729132e-03
4.372417474121477292e-03
4.403655013378536369e-03
4.375497531604642144e-03
4.362025723953592664e-03
4.353281700563746415e-03
4.365741804170061510e-03
4.393966386642763830e-03
4.360677395965505479e-03
4.345263331447730623e-03
4.361906887032919802e-03
4.365620347123580491e-03
4.412392732277658873e-03
4.354724774507162319e-03
4.349230890034336099e-03
4.369620770463413829e-03
4.375918561884234795e-03
4.358301982108734804e-03
4.428410294881167039e-03
4.384877347657322767e-03
4.365785970420820589e-03
4.376276664376576447e-03
4.361224895823831264e-03
4.361111193130066607e-03
4.344733127021408944e-03
4.402539302755326470e-03
4.386013293023179743e-03
4.399811622269730535e-03
4.344497904730197993e-03
4.358799278742771927e-03
4.341304192976182599e-03
4.438709123192409282e-03
4.358567460690366754e-03
4.357395119222766226e-03
4.376422623177157918e-03
4.337736862363550383e-03
4.337247355730306994e-03
4.343027903239827722e-03
4.355092852228568609e-03
4.391270239299307002e-03
4.390629117546762314e-03
4.373629073769176936e-03
4.351532980619578564e-03
4.363756790647767628e-03
4.342194954114147673e-03
4.384903954027915586e-03
4.382377218629851870e-03
4.377467306284883210e-03
4.325119818755621126e-03
4.347779495321268776e-03
4.346736070566150495e-03
4.359227004855131295e-03
4.329057347250052368e-03
4.357414191683718803e-03
4.358923807189557173e-03
4.362185672201262729e-03
4.394851619763131406e-03
4.335746923652459769e-03
4.383228120175373423e-03
4.363937876387938807e-03
4.389663891227456663e-03
4.375507313225660520e-03
4.388016839471002919e-03
4.376328849071915716e-03
4.355382574779459795e-03
4.377366316810170702e-03
4.328570859217894216e-03
4.341509041795523112e-03
4.368894526688022091e-03
4.381728813637123486e-03
4.349816321431040043e-03
4.361774879153105036e-03
4.346167405809614817e-03
4.370285909114648808e-03
4.348952192748902455e-03
4.357499231918541584e-03
4.366813889032210468e-03
4.353341168352654889e-03
4.350290767105602710e-03
4.321864565821041844e-03
4.385369807021556425e-03
4.340720578923850867e-03
4.348143066785732820e-03
4.401755502447644505e-03
4.373286489823957103e-03
4.320872747468048301e-03
4.304792566544111097e-03
4.384585611463464802e-03
4.360025217572156483e-03
4.339221591048038514e-03
4.364218553299123102e-03
4.360504891907404992e-03
4.397854480268995232e-03
4.351773048028566120e-03
4.391304799131927686e-03
4.392696972382347138e-03
4.358507223140816768e-03
4.323561263301727714e-03
4.351495724106753220e-03
4.340594583861065101e-03
4.350021714635966645e-03
4.347955915559334646e-03
4.366468053054701343e-03
4.365630507598920046e-03
4.346074877645308976e-03
4.328113058918519121e-03
4.342652100302598489e-03
4.355846324148688817e-03
4.356088263869099461e-03
4.379169653390624188e-03
4.357961497350619495e-03
4.356555095463013165e-03
4.358882892490917663e-03
4.357303373878388189e-03
4.381725897293545398e-03
4.326995482697515785e-03
4.349595796600309525e-03
4.369133827989663682e-03
4.376459140362023298e-03
4.344321454905324294e-03
4.361700435013634095e-03
4.340470101653792941e-03
4.392733591841791081e-03
4.351144330140241899e-03
4.361964527266178060e-03
4.372157255411316876e-03
4.358873962823540602e-03
4.380701846757621351e-03
4.355532088401730013e-03
4.326542505793265839e-03
4.350389228793888861e-03
4.354207679003605641e-03
4.367378794038148486e-03
4.354648147589760751e-03
4.355585433986106959e-03
4.362290312745885183e-03
4.343271984654674747e-03
4.399092124607739338e-03
4.353558335727284942e-03
4.361275125092643236e-03
4.357210343882493911e-03
4.333593045294674428e-03
4.339992542455343646e-03
4.362808741777151125e-03
4.339508871436402807e-03
4.367877048693775618e-03
4.373628944827348368e-03
4.329695445658471656e-03
4.381953126083928951e-03
4.343308635232061982e-03
4.319808264887318311e-03
4.330395143967018766e-03
4.354507356055852853e-03
4.348152743186574874e-03
4.354522378330056079e-03
4.351043822454384730e-03
4.350941878450741498e-03
4.370001383931944490e-03
4.356447353515378700e-03
4.330444905879499151e-03
4.376174331493490680e-03
4.321700213967130839e-03
4.323595632634915330e-03
4.320844211409987506e-03
4.332620120122834123e-03
4.328308989612622212e-03
4.341380859826997514e-03
4.323763555994558985e-03
4.395934132645178474e-03
4.355238485815717507e-03
4.364792128542532672e-03
4.332245553568946951e-03
4.343565038430706286e-03
4.333337156086460203e-03
4.367290502330962651e-03
4.349407728600223136e-03
4.369549402822760741e-03
4.383529341877821783e-03
4.353747920730639993e-03
4.363951147639538210e-03
4.333547328260212508e-03
4.396222368456543898e-03
4.379023862539035104e-03
4.368729893256977082e-03
4.345707878606824316e-03
4.354216278997385253e-03
4.309101916889870529e-03
4.342073896087068376e-03
4.345968764365289345e-03
4.358538617241015586e-03
4.351558738532685690e-03
4.366312807427557771e-03
4.379994593141000626e-03
4.377849152202435180e-03
4.345428643360051135e-03
4.364575020985314927e-03
4.350671910952196887e-03
4.353889784950135816e-03
4.359729405977333036e-03
4.350828533592871437e-03
4.337981712280449334e-03
4.350217195159562095e-03
4.368371545264300090e-03
4.359321289308580767e-03
4.348599987901317909e-03
4.360233704757173444e-03
4.336692954457881284e-03
4.352859594209131273e-03
4.349975316902960319e-03
4.359882892547637182e-03
4.360815545143260051e-03
4.336929315835179842e-03
4.344778387274509865e-03
4.342161679318354804e-03
4.345523085594073937e-03
4.348555158190969480e-03
4.339057631653400922e-03
4.352362164886302773e-03
4.367612400741576091e-03
4.328966431691535881e-03
4.374376246249198248e-03
4.392851350121609356e-03
4.324277350774769976e-03
4.345944141962428814e-03
4.369257533669149325e-03
4.354923928588563808e-03
4.325851773970592826e-03
4.348510837576592160e-03
4.343671644400421382e-03
4.370888971624156856e-03
4.338649016171565800e-03
4.355519666735111969e-03
4.373396196130011418e-03
4.367619166628406921e-03
4.375840251180014052e-03
4.376694682154902427e-03
4.341796530807304558e-03
4.354300183840841172e-03
4.330907488522725904e-03
4.358906994085138924e-03
4.350661414657211803e-03
4.367123697214855826e-03
4.329511243025802036e-03
4.342524243591683666e-03
4.382197491886413547e-03
4.344792806463126413e-03
4.352551761854640648e-03
4.345465352643182629e-03
4.333180017234178338e-03
4.317323968377591303e-03
4.336992044521181464e-03
4.345603421195471695e-03
4.342311629380859669e-03
4.362004816161133523e-03
4.318618951855046802e-03
4.357024949714861581e-03
4.351212463915348980e-03
4.344691470935172287e-03
4.354530629189200426e-03
4.320964788260967838e-03
4.377349545681476564e-03
4.336951796089423897e-03
4.356640361903864681e-03
4.335228465416005213e-03
4.345473091849427240e-03
4.335862216752731438e-03
4.341797858274999353e-03
4.340814023565130013e-03
4.343903495666607238e-03
4.323313239058134035e-03
4.361735973401416160e-03
4.350679865450727234e-03
4.362164006223136561e-03
4.364455707341696224e-03
4.333279298334106328e-03
4.357641359326445973e-03
4.347113298182016076e-03
4.328481572623312824e-03
4.338149413504520033e-03
4.372621720029405169e-03
4.377454402696945475e-03
4.352787290891928923e-03
4.370776034010990900e-03
4.362492817662856626e-03
4.345524465056794204e-03
4.382448815033570741e-03
4.348969221211087047e-03
4.358919478137499373e-03
4.363267093974414722e-03
4.315745332423253158e-03
4.343050820632444152e-03
4.350197488648788191e-03
4.359531564570509089e-03
4.337028747709499935e-03
4.346843120579800025e-03
4.369142747580321770e-03
4.336603345289531848e-03
4.350018394578854600e-03
4.347992939954676769e-03
4.351305697646192308e-03
4.358802795268252456e-03
4.329136606269842411e-03
4.378817699289378265e-03
4.362155290060371060e-03
4.346704079918539514e-03
4.389144704979476910e-03
4.349165958223859957e-03
4.377815894737312197e-03
4.320061148203568381e-03
4.343538877039839277e-03
4.366799348776041235e-03
4.340760517791532672e-03
4.342762327092989857e-03
4.325319231098880696e-03
4.347389685070314827e-03
4.325193702230976239e-03
4.354395572320387750e-03
4.329744690954085568e-03
4.326697403262334991e-03
4.385130896558641668e-03
4.347151888330365484e-03
4.333474887047845253e-03
4.326380923230073450e-03
4.327878558177985016e-03
4.358594200446356919e-03
4.361087832621693416e-03
4.328477055197509603e-03
4.323210519012262928e-03
4.327748973312051800e-03
4.350395766743316364e-03
4.352425928180973097e-03
4.345606408153196258e-03
4.333835347697688641e-03
4.364309732504148727e-03
4.352041454006502601e-03
4.328423266706097824e-03
4.342037602748345139e-03
4.351377818003935444e-03
4.315637125316382910e-03
4.339348035817940444e-03
4.341657325016195015e-03
4.361949432315813738e-03
4.348280601307632533e-03
4.352538035587517722e-03
4.353536822911695248e-03
4.354857747503364934e-03
4.348359154545186969e-03
4.352955689452249997e-03
4.369485162049614388e-03
4.333039513701924215e-03
4.403209285195290937e-03
4.342420799442590733e-03
4.313964654812649409e-03
4.328569446085808910e-03
4.347028994577510803e-03
4.330329665374489830e-03
4.315504221704459867e-03
4.346326839678857877e-03
4.351935177180452086e-03
4.340745999827136901e-03
4.333596071457906755e-03
4.343694942369678326e-03
4.330813738305824660e-03
4.337160272744357108e-03
4.352147636617716663e-03
4.338082759323439244e-03
4.312435746173669607e-03
4.344201055800146413e-03
4.346358412926701331e-03
4.338334251094243602e-03
4.343450175767227597e-03
4.355533356882984944e-03
4.346281319559344714e-03
4.353592961144102554e-03
4.357575260450223704e-03
4.328510352140784237e-03
4.371152809175936869e-03
4.326546637737989712e-03
4.361340648246556269e-03
4.332654652967079731e-03
4.379940413833892203e-03
4.320483987432894094e-03
4.387123277713473463e-03
4.342043517296926072e-03
4.344279740892591571e-03
4.337943910614088829e-03
4.350041989943853257e-03
4.339657253429116471e-03
4.343849521915576183e-03
4.348488520834626475e-03
4.374696252280497674e-03
4.366983990325612811e-03
4.344719789574453053e-03
4.363584170662327365e-03
4.311318105832894279e-03
4.344228621688582016e-03
4.317810631993328381e-03
4.349330043083025205e-03
4.313547839303657865e-03
4.340312998765161537e-03
4.351739544337300362e-03
4.359894536492031798e-03
4.347941450603544193e-03
4.361762435473615432e-03
4.355142223394248627e-03
4.352092794073944733e-03
4.381265306067508650e-03
4.350513242750963724e-03
4.339975387087012873e-03
4.337403983632159322e-03
4.345739857552682016e-03
4.377339355346556923e-03
4.307441139216437384e-03
4.362791216909887165e-03
4.319381172495079593e-03
4.327753755909861770e-03
4.339607045989326596e-03
4.319413568151089788e-03
4.341535744345354116e-03
4.331612916672117862e-03
4.361906732176318302e-03
4.344141584108372062e-03
4.313831368079217021e-03
4.334414950410554919e-03
4.340998365175182186e-03
4.359471568682554352e-03
4.337028442772002806e-03
4.342013063897967248e-03
4.368175501071993976e-03
4.333958406717007029e-03
4.342647455491484634e-03
4.332610951385875223e-03
4.335420330291442186e-03
4.337887702429174194e-03
4.348074507617429377e-03
4.333440399257731078e-03
4.336234914802038383e-03
4.361420239290190494e-03
4.371748175231278226e-03
4.339647857657114895e-03
4.311537387851159878e-03
4.344698071422891175e-03
4.335529829687997418e-03
4.341253966537874688e-03
4.360789905255168901e-03
4.356520613705866518e-03
4.310115922951923001e-03
4.326426128016245577e-03
4.317346554552637869e-03
4.357425956172686007e-03
4.347057555078974629e-03
4.344966511153279878e-03
4.334201385335226600e-03
4.368328185032922459e-03
4.335091200019390925e-03
4.383111382698468700e-03
4.346426104252992979e-03
4.336951800931605240e-03
4.339325829963974063e-03
4.372312021177601066e-03
4.325120082615577580e-03
4.347425505321267716e-03
4.361353787734535692e-03
4.382950216105854606e-03
4.344765456114902356e-03
4.361707901895184661e-03
4.367124550527448287e-03
4.354809089714457501e-03
4.345717699472975010e-03
4.349856954178834070e-03
4.357146409488019990e-03
4.367370835512205188e-03
4.367881099522234745e-03
4.353518536979182271e-03
4.360373696396817669e-03
4.348221553226578467e-03
4.344516549079252207e-03
4.358462612566119804e-03
4.351174252906408677e-03
4.332171126087839066e-03
4.355961471580968927e-03
4.340503725249923381e-03
4.323135321282219230e-03
4.343077346842354192e-03
4.348739814068552922e-03
4.333427111843139723e-03
4.359590989943705128e-03
4.362706296233609740e-03
4.310391328265857427e-03
4.336278316407574454e-03
4.339162266856971990e-03
4.339574231921534617e-03
4.335136697552979639e-03
4.368161646008311694e-03
4.356290802650849940e-03
4.332472206305003001e-03
4.303556864994348766e-03
4.339236557523233964e-03
4.313158361437091290e-03
4.335387639750084079e-03
4.336989135234133215e-03
4.318931682589165558e-03
4.333849744302552612e-03
4.353327891407743344e-03
4.330215314390876286e-03
4.387195968886923800e-03
4.352551256814410525e-03
4.358750237036034675e-03
4.359001131066287532e-03
4.337878768067724745e-03
4.340310665789414053e-03
4.329389355555545403e-03
4.373993414372932299e-03
4.354695435835637986e-03
4.328638898043435726e-03
4.348944348590949062e-03
4.324042679445870389e-03
4.348009163705882085e-03
4.350383816017236623e-03
4.356742700527436660e-03
4.345383474277357376e-03
4.337738543280146401e-03
4.326328709191309789e-03
4.330112485353783749e-03
4.334957373700928235e-03
4.350728355426037447e-03
4.349237879714055663e-03
4.351157337370732507e-03
4.319774261569314135e-03
4.355159889447736757e-03
4.346287928383141957e-03
4.350325627150986030e-03
4.355732130701873116e-03
4.322811918468572219e-03
4.334289056847032140e-03
4.328209266512418434e-03
4.358726100114099569e-03
4.325505210543709525e-03
4.344053620735826085e-03
4.316293600834420104e-03
4.353710980766157743e-03
4.357963169451410657e-03
4.335905828588552079e-03
4.368552207718077486e-03
4.346393291105954924e-03
4.343053284745728229e-03
4.341106829322624421e-03
4.342628109069815098e-03
4.369369935373567347e-03
4.310802292611623163e-03
4.340845559407483303e-03
4.366057932874375415e-03
4.342562981613513895e-03
4.337075782348225397e-03
4.361136713973191165e-03
4.359589973314781722e-03
4.353450513197900870e-03
4.321092972714482214e-03
4.325816571220185425e-03
4.326916491055872276e-03
4.369276145328225211e-03
4.326641562541251422e-03
4.355491267141855041e-03
4.387362583919362201e-03
4.333061151586900181e-03
4.356963748838231162e-03
4.370320578221842389e-03
4.319304041351898840e-03
4.355142461920226242e-03
4.374191415263000565e-03
4.336666175339706601e-03
4.329272714014735686e-03
4.336689461950531121e-03
4.362582768511605313e-03
4.342124183723487102e-03
4.324504135694807669e-03
4.327278596406743810e-03
4.366539824406709576e-03
4.336428227972960632e-03
4.326273704117969930e-03
4.324547135757463197e-03
4.345011114349556919e-03
4.358269234281458501e-03
4.365862021386509619e-03
4.316057133377851178e-03
4.303110980590727289e-03
4.364647444025130177e-03
4.305343823893716809e-03
4.368045184109469944e-03
4.335540936557309710e-03
4.347142147010115039e-03
4.325434168703631323e-03
4.356229427096998917e-03
4.342551651561345726e-03
4.325245146932262495e-03
4.343468202768152597e-03
4.316940552351720799e-03
4.349905445913200726e-03
4.344296769343083259e-03
4.318162568032899752e-03
4.366315222023152420e-03
4.332132439337458597e-03
4.323878289028611557e-03
4.353926380090942377e-03
4.337348488533150116e-03
4.365420856904273297e-03
4.378201554879746285e-03
4.340865834016790700e-03
4.323692995014893035e-03
4.356038159272159274e-03
4.318868354177503310e-03
4.350761087012962672e-03
4.349468034719037104e-03
4.324925699757303614e-03
4.344648964413675221e-03
4.358738151815888875e-03
4.367326530374709796e-03
4.349717756588262867e-03
4.346453120319783772e-03
4.336626986735670278e-03
4.343017853866807353e-03
4.337448627109254974e-03
4.339610435400945154e-03
4.342455427784460906e-03
4.309662814427116587e-03
4.360922021889445700e-03
4.367903759438179247e-03
4.341878476674330620e-03
4.342455296585938374e-03
4.339154787602108113e-03
4.324294464192196194e-03
4.353514911103946797e-03
4.359694588699994898e-03
4.353788123855720747e-03
4.363559870652431588e-03
4.343668731452617407e-03
4.353046911976628068e-03
4.354563601925152613e-03
4.342696545589170252e-03
4.356650390027845196e-03
4.349167962897403442e-03
4.338966975699884258e-03
4.356677578300079470e-03
4.335509746513168533e-03
4.293061830253220267e-03
4.337374136594123776e-03
4.325897567331752312e-03
4.339351604095250357e-03
4.346775473293495312e-03
4.342542794877154999e-03
4.342822700453077139e-03
4.333983722303695607e-03
4.308688942242416657e-03
4.336500867577438786e-03
4.338765702939701742e-03
4.318070944205054662e-03
4.354592640394364285e-03
4.355241807471228917e-03
4.365442979693717404e-03
4.315079263824489475e-03
4.334457953535902908e-03
4.321988147522508664e-03
4.334496150514449177e-03
4.347316857042333310e-03
4.338620308190969770e-03
4.326894282401309334e-03
4.317935214011092877e-03
4.351227347614092071e-03
4.308448030795450703e-03
4.344455718544916814e-03
4.350672360591696999e-03
4.322436149293599865e-03
4.335760047429571690e-03
4.348573223090401729e-03
4.354275830339258621e-03
4.357840795815022365e-03
4.351504569777705014e-03
4.357330046462312700e-03
4.363920546213520893e-03
4.368481429730093103e-03
4.345596560608322965e-03
4.363644740157095192e-03
4.335562959095698964e-03
4.340667320275737665e-03
4.331818569572109395e-03
4.355145242336050035e-03
4.361605473637814902e-03
4.350677168869915290e-03
4.347608358029219321e-03
4.326589798468781153e-03
4.350015216360569696e-03
4.303875309661992637e-03
4.335154659085673975e-03
4.350420981509206184e-03
4.319847542727900738e-03
4.352891327040767089e-03
4.317084387746740644e-03
4.348174324776200514e-03
4.358065000761348826e-03
4.323129937524175688e-03
4.355559056909619545e-03
4.336174470268615647e-03
4.387505625739767171e-03
4.357442333404532714e-03
4.337559339007049375e-03
4.344651799271881908e-03
4.333181395507209634e-03
4.345767309791408184e-03
4.331498302122027515e-03
4.346822965842308227e-03
4.332112407615157715e-03
4.344014169515580601e-03
4.340659676770284095e-03
4.342170157049686854e-03
4.346379019749420890e-03
4.349227564304633184e-03
4.340591645503777581e-03
4.355594259517051037e-03
4.328711189270140203e-03
4.323734860668353511e-03
4.321703432759358386e-03
4.378369650855146698e-03
4.350094740756856558e-03
4.348082927326120048e-03
4.355563407387286028e-03
4.343383988589836001e-03
4.369347787913517404e-03
4.322824912061766674e-03
4.344658829951273879e-03
4.309697874592516818e-03
4.337426497227478937e-03
4.352794480524529129e-03
4.351231078997995320e-03
4.323791659749478579e-03
4.350942967576482481e-03
4.324271571681036035e-03
4.331887466857426393e-03
4.354577732438051282e-03
4.344826871900826261e-03
4.334284348212967888e-03
4.338768965277252018e-03
4.325585187133522934e-03
4.333163417191885323e-03
4.335987617957080820e-03
4.360263197454175912e-03
4.330302936609469952e-03
4.331712154709308447e-03
4.330896206801372779e-03
4.327146325988497078e-03
4.327513195325751079e-03
4.345567946133416237e-03
4.340489645114428349e-03
4.337134955656695573e-03
4.352170154479712699e-03
4.350777766392952689e-03
4.370643670190690715e-03
4.352805498521654902e-03
4.315562073315462426e-03
4.339845443156337308e-03
4.343299554719431965e-03
4.335200689891837225e-03
4.332622643734095058e-03
4.341544440941256730e-03
4.364340833935023874e-03
4.358741255292591064e-03
4.323669542952686753e-03
4.375659075248646349e-03
4.325702836726705129e-03
4.332448657761739201e-03
4.364196279839770154e-03
4.348470627841064841e-03
4.351098453239806221e-03
4.365798099820938569e-03
4.328527406751801060e-03
4.339867253991215069e-03
4.360275864851284600e-03
4.366155715879460782e-03
4.348016704067862725e-03
4.349371590867632045e-03
4.334698366700766650e-03
4.334965356961725455e-03
4.349802527085918150e-03
4.339511546525258966e-03
4.344174845372568081e-03
4.342740081313571643e-03
4.330873621782018942e-03
4.349319371288763551e-03
4.357597954469533304e-03
4.341721666929469758e-03
4.342916165839764281e-03
4.358691592808300319e-03
4.351597347902002796e-03
4.339743590121281774e-03
4.312494483391440640e-03
4.326309497810636000e-03
4.341155470639237839e-03
4.351778010145233334e-03
4.331072118705479521e-03
4.360299636342234754e-03
4.342930842599028798e-03
4.347249114603994775e-03
4.365621993488786115e-03
4.344127406798987436e-03
4.345649554461185338e-03
4.337825602336023954e-03
4.322861415655548066e-03
4.358307542968042556e-03
4.353429158959892797e-03
4.337913211442187209e-03
4.359411812401451335e-03
4.345125518948884762e-03
4.346791875238675829e-03
4.350939454960287174e-03
4.334915607556854601e-03
4.348529580999279352e-03
4.345993925693333003e-03
4.327413276106592890e-03
4.354414254752721550e-03
4.354666867436455223e-03
4.325173723126777073e-03
4.355901677673306924e-03
4.358937579470314842e-03
4.348305447860286409e-03
4.308518283599903007e-03
4.351281323852117244e-03
4.356643402229575489e-03
4.343986455066445665e-03
4.317926690464950548e-03
4.337096266232684690e-03
4.337443227658759753e-03
4.331983122951678540e-03
4.332908092154094150e-03
4.354871469067553638e-03
4.317683644254109374e-03
4.336558189774735762e-03
4.317380886513360119e-03
4.335562139673124031e-03
4.333097870482904672e-03
4.357897530015663635e-03
4.322394620658216897e-03
4.340992015131924474e-03
4.336968880945842389e-03
4.361126477265869078e-03
4.347695447781777314e-03
4.343000767138881571e-03
4.347279704813020347e-03
4.346076361936693222e-03
4.360378237222069069e-03
4.325395098276471270e-03
4.338214662740154381e-03
4.350460418943079451e-03
4.348529061978357625e-03
4.323737448912011970e-03
4.355799525027712754e-03
4.322636754124148037e-03
4.347893059469457380e-03
4.317421738137572004e-03
4.334551226876369109e-03
4.302210996683273128e-03
4.338170458448807262e-03
4.333652474335600649e-03
4.330474112239026188e-03
4.328148709196742543e-03
4.340370584064318256e-03
4.348019804190100639e-03
4.330609404947118393e-03
4.312473849282461025e-03
4.364682479058287767e-03
4.345592082625466916e-03
4.314033263529803985e-03
4.330042443119630491e-03
4.346581695880988652e-03
4.349293805960980849e-03
4.341297977710310320e-03
4.354648954854570438e-03
4.332027134376118319e-03
4.330122267222295124e-03
4.336907736480700298e-03
4.320411152783065409e-03
4.317097150406181208e-03
4.307906547009903754e-03
4.341065149749929325e-03
4.313706445608261712e-03
4.335148721124212033e-03
4.323270629523237943e-03
4.334880682356789285e-03
4.371963157732949509e-03
4.323728839111999275e-03
4.338571901663231326e-03
4.358078689186639654e-03
4.332716293984471660e-03
4.353242742554290848e-03
4.358445093083684711e-03
4.342422683234516134e-03
4.330101157748995552e-03
4.320317620089911444e-03
4.341875226630495868e-03
4.332912737981814942e-03
4.336833724565581152e-03
4.340053861100800006e-03
4.329196792890141129e-03
4.329804506630171440e-03
4.356881431697273363e-03
4.343217315263733433e-03
4.346388441738602802e-03
4.334542352820419837e-03
4.324092087642941382e-03
4.320417221215786148e-03
4.331303767971720828e-03
4.330353221754878676e-03
4.337563802667919119e-03
4.342790723047340769e-03
4.330105181824389637e-03
4.329027505303975794e-03
4.315472047012354831e-03
4.325199066182368671e-03
4.343829118465138313e-03
4.321053064404783636e-03
4.353272013075006400e-03
4.340999317429786349e-03
4.334945352766707977e-03
4.323171362307134599e-03
4.338391381984494852e-03
4.352451850733739767e-03
4.344603383668009522e-03
4.361770873445706444e-03
4.350196465288194876e-03
4.337459582747577730e-03
4.357001755292948079e-03
4.337622603849247693e-03
4.336910467113578097e-03
4.334040620214855977e-03
4.359211376170638030e-03
4.343586376846139338e-03
4.338396378137778474e-03
4.337160840245051982e-03
4.335592682507578323e-03
4.354244989292819709e-03
4.309795070764744704e-03
4.334760605733000219e-03
4.345379767989461864e-03
4.343137409669910361e-03
4.332859003452943329e-03
4.332660554270441507e-03
4.313846053210313412e-03
4.347957110502279586e-03
4.331709064724759833e-03
4.316619574857587585e-03
4.320282357913100141e-03
4.323391275064114928e-03
4.314695120660324082e-03
4.320956490158544758e-03
4.306800090011792675e-03
4.326116384515228327e-03
4.313992928206321700e-03
4.321303032170586804e-03
4.332508640334912370e-03
4.327069494971887489e-03
4.327564599232848128e-03
4.312255052504100974e-03
4.317205198696443154e-03
4.336919518745494320e-03
4.314311789361605955e-03
4.311926829674820813e-03
4.339209235101928498e-03
4.310551879016136061e-03
4.325459901152317946e-03
4.311467363749079719e-03
4.317679517760549326e-03
4.315358847088926822e-03
4.318853897258211408e-03
4.323574271705433493e-03
4.323606874401541428e-03
4.332632124204977356e-03
4.339300927932123429e-03
4.311776823417936937e-03
4.349216216260997324e-03
4.313029452880779227e-03
4.340340300551940797e-03
4.333942785965884739e-03
4.350621370965487324e-03
4.314006815766107013e-03
4.311947017347856660e-03
4.314626667754763167e-03
4.302171614140306785e-03
4.315247118007079288e-03
4.304246674501236401e-03
4.314954840282715989e-03
4.318943458803681246e-03
4.322470677275000971e-03
4.349098424004609227e-03
4.316693401199068678e-03
4.301341111300809907e-03
4.327970389862594892e-03
4.299565495748053703e-03
4.313010142725922161e-03
4.309026604342108130e-03
4.314449898545528496e-03
4.320291913307246212e-03
4.318583256472810841e-03
4.330086081830305036e-03
4.308416047041722756e-03
4.316901487396044255e-03
4.316956085463704088e-03
4.305527885939649732e-03
4.349032405054839567e-03
4.319758693123595776e-03
4.315300132962741723e-03
4.342478714141612475e-03
4.313381244208860411e-03
4.304274731873096276e-03
4.292144103624986537e-03
4.321366247699842504e-03
4.315183057254286594e-03
4.316058216358095723e-03
4.290299297987798521e-03
4.322048850486663943e-03
4.300538270512761947e-03
4.305708691630881144e-03
4.306254317955326809e-03
4.308761364445364006e-03
4.304386472396074838e-03
4.328503196634086655e-03
4.302886410497222709e-03
4.317218079397304974e-03
4.318520212176266311e-03
4.310659886310344233e-03
4.325206280126226745e-03
4.314628638912973782e-03
4.327859529263673559e-03
4.325750518115431369e-03
4.308267082700103015e-03
4.324871132503032081e-03
4.308079864901243755e-03
4.302620177665536852e-03
4.292335322993488279e-03
4.297090978617252276e-03
4.324603184510994805e-03
4.311745046040303155e-03
4.330882249599841104e-03
4.300957745226884760e-03
4.312051741501437413e-03
4.297673903359615528e-03
4.317226651384370451e-03
4.278197904988109701e-03
4.306126049940690002e-03
4.315935415871191561e-03
4.334377959887244711e-03
4.286214875804768981e-03
4.300899682579668523e-03
4.300688376343272945e-03
4.283749413664690933e-03
4.297653978502797255e-03
4.298807798465330288e-03
4.313060321157330401e-03
4.299438757716448657e-03
4.305132666786414854e-03
4.316648955265334903e-03
4.293592595793332793e-03
4.316379692602411583e-03
4.311215783524804251e-03
4.323588961762567760e-03
4.267574209230677595e-03
4.318407002008127840e-03
4.309501015014218471e-03
4.328634183594267000e-03
4.306073614650750975e-03
4.302315121012549939e-03
4.301740472878321647e-03
4.277942407485633633e-03
4.276730940097306713e-03
4.279870197795921857e-03
4.299660396715905206e-03
4.317296594553847108e-03
4.310569760374256820e-03
4.289208567198043824e-03
4.285474711386477557e-03
4.285570976961830710e-03
4.295512404588146434e-03
4.284371202801355930e-03
4.285928046859286897e-03
4.269316890207527915e-03
4.260574418665183730e-03
4.298311763413479973e-03
4.282837107115334239e-03
4.299339226033102937e-03
4.287146901164216525e-03
4.287004035139535887e-03
4.279508451415781935e-03
4.270084532723750909e-03
4.285875260326124994e-03
4.294819461527905370e-03
4.280419743243767464e-03
4.273430783594783615e-03
4.275794058913190594e-03
4.298975425258793476e-03
4.303576189579608885e-03
4.304115552488254649e-03
4.326148171714937554e-03
4.283741953062617305e-03
4.289381642937800318e-03
4.262234839084835629e-03
4.300272730884869068e-03
4.297007441870706081e-03
4.271890527811443398e-03
4.280738446234879854e-03
4.286718203450190848e-03
4.284108786236372028e-03
4.266456753782029918e-03
4.271320059522790667e-03
4.264595221237269321e-03
4.282678282201645564e-03
4.275586101511795988e-03
4.277371140506835631e-03
4.299062214198037975e-03
4.301631486091328851e-03
4.288436075026921812e-03
4.265803740535677353e-03
4.314136958461535498e-03
4.275916602750289182e-03
4.305432566561309682e-03
4.280452891531349308e-03
4.303782739678153717e-03
4.268837003781422376e-03
4.273006441815553960e-03
4.284782414436287372e-03
4.285034747795920737e-03
4.249561935401269253e-03
4.274656902378966630e-03
4.284878935373621217e-03
4.291259048557594102e-03
4.278117326838047629e-03
4.256776011123225047e-03
4.291351339164970087e-03
4.270716730551024978e-03
4.283018089490050334e-03
4.274913173774574568e-03
4.266910800011809897e-03
4.284792093585403257e-03
4.292446345023344205e-03
4.260985923206208649e-03
4.265339601621388060e-03
4.288607202551012257e-03
4.276080989276380244e-03
4.296099822581994979e-03
4.274948544019442111e-03
4.282490975795144247e-03
4.291729614804716021e-03
4.263179515540341941e-03
4.271735137184320789e-03
4.273488373790984909e-03
4.259802429150404482e-03
4.301243346460134620e-03
4.249351608996007439e-03
4.297224478842264113e-03
4.266408856337045724e-03
4.264250037081382047e-03
4.264868010423470898e-03
4.280425982632295005e-03
4.257612489263759743e-03
4.252987535206649572e-03
4.264601703696037013e-03
4.302550247395677332e-03
4.249626052285556364e-03
4.286953167731898280e-03
4.273325077832924694e-03
4.266811585461041320e-03
4.267295578624983807e-03
4.272886061837159570e-03
4.277415989734517990e-03
4.273752120249670917e-03
4.283851045126372235e-03
4.259343019737522017e-03
4.262786742521458561e-03
4.280908216739905472e-03
4.277197288335077112e-03
4.260581171575798104e-03
4.275006130666866681e-03
4.244245974313417061e-03
4.262622620941307686e-03
4.237066447472712799e-03
4.280800780337211918e-03
4.255191950064151664e-03
4.266756214297049744e-03
4.267196716326498995e-03
4.276987656551871353e-03
4.271393987825457782e-03
4.273199695520192749e-03
4.286293528968504463e-03
4.281435384325456978e-03
4.265151446792428587e-03
4.261089568761799833e-03
4.263923074695818299e-03
4.271498350044223083e-03
4.254697481795599937e-03
4.273904213929763038e-03
4.270108511401944119e-03
4.254613900963646542e-03
4.264592995772168056e-03
4.259126530167840416e-03
4.240628445589421890e-03
4.260449824088468826e-03
4.294586766881799793e-03
4.260832247440659963e-03
4.263477987387288143e-03
4.244571964344760230e-03
4.252168363599304057e-03
4.252224247239124767e-03
4.257396396481342646e-03
4.272727514580981593e-03
4.270819379557675571e-03
4.281046640501726466e-03
4.237316975013958112e-03
4.258609650784583346e-03
4.260480729960086817e-03
4.252001737721573978e-03
4.258584658732731711e-03
4.223612625428067695e-03
4.249019264259247877e-03
4.223193467024202383e-03
4.243674932643375954e-03
4.239979204509263314e-03
4.252612472141654130e-03
4.243223323831231755e-03
4.256663640060815920e-03
4.258428105735937233e-03
4.258299626347441906e-03
4.252734240903776296e-03
4.234949490876459277e-03
4.242634473286913468e-03
4.230387008527701498e-03
4.234074555452698591e-03
4.261272547085268557e-03
4.240414684779536536e-03
4.252052695393813801e-03
4.248547872529177469e-03
4.229693260554368527e-03
4.260531738466077044e-03
4.251771428903641445e-03
4.259040102328145484e-03
4.265602399785044761e-03
4.236753102280813379e-03
4.242486553883534697e-03
4.235380106953093478e-03
4.239427372522782192e-03
4.222564552963585342e-03
4.240770437451114871e-03
4.254962787144639554e-03
4.254050597164446904e-03
4.248659672583575755e-03
4.246671931314885927e-03
4.248689111600438030e-03
4.251990952136846559e-03
4.239166580326568859e-03
4.224517581044362480e-03
4.258933247955790785e-03
4.231307219164875608e-03
4.237489927190764803e-03
4.247181976054273042e-03
4.228905477309550208e-03
4.218315745912501295e-03
4.253339878422572606e-03
4.240675807615756562e-03
4.217359575862254968e-03
4.255924922472424307e-03
4.227298069643349240e-03
4.215676237020083046e-03
4.220936597879020383e-03
4.224480661570780872e-03
4.228405987204183168e-03
4.229358099304672026e-03
4.216167798876933187e-03
4.252316667472015935e-03
4.221467043517652604e-03
4.241526747887446221e-03
4.233271804045625475e-03
4.216790598213154134e-03
4.216171153749831771e-03
4.227935492582842944e-03
4.252409274368286300e-03
4.250874508433271151e-03
4.228409024787030748e-03
4.208462704592883658e-03
4.245563426414231990e-03
4.219320605675941187e-03
4.222006819247977119e-03
4.242359047520061904e-03
4.235417289473358479e-03
4.218746100000678526e-03
4.216177052368284828e-03
4.231793435321021604e-03
4.261779713654477789e-03
4.247228171228264668e-03
4.240954955446454497e-03
4.220079209949509878e-03
4.231175622490270481e-03
4.228376828531855806e-03
4.217218335612751140e-03
4.208604586471900028e-03
4.196865912452369882e-03
4.246001996095124902e-03
4.208350483987115601e-03
4.219928454790231043e-03
4.209734220622134843e-03
4.212219855193150356e-03
4.233620928840761688e-03
4.213747581445366139e-03
4.238369933536839489e-03
4.232481492658478860e-03
4.218383405241254644e-03
4.211678093575962033e-03
4.212841915968144370e-03
4.219601488903043825e-03
4.219245378406826646e-03
4.220102635621276847e-03
4.224147864326227922e-03
4.205064876076593759e-03
4.222805045939350896e-03
4.208801387277753998e-03
4.222418327558310688e-03
4.226509242724984031e-03
4.246722426982502824e-03
4.222073696145855169e-03
4.232357405685907570e-03
4.223296383911901916e-03
4.233493825611273423e-03
4.208656392435486740e-03
4.237439402787575825e-03
4.206421249666816853e-03
4.236912984574124283e-03
4.204897226315908697e-03
4.229768908084538190e-03
4.206373019981057837e-03
4.196677105398748109e-03
4.200489882916181097e-03
4.230994076678501296e-03
4.214267607741765606e-03
4.221390463156999076e-03
4.236455059551022181e-03
4.224963226520827252e-03
4.219058593154145081e-03
4.216690522636082350e-03
4.214759559428877568e-03
4.215083618750220876e-03
4.207719155370810357e-03
4.213020912770125588e-03
4.179825625997212260e-03
4.189984438682224123e-03
4.186614514985338188e-03
4.201290371933533337e-03
4.208490617143963164e-03
4.206337209940983098e-03
4.228673820979878331e-03
4.227140309150665895e-03
4.204217373496767912e-03
4.219342031756325925e-03
4.213332862940269777e-03
4.202185978855242296e-03
4.211999618036066026e-03
4.215635812641669797e-03
4.211550643287310242e-03
4.222495624881322622e-03
4.203775639256215543e-03
4.189379351823561623e-03
4.191475626036171749e-03
4.222267548197596726e-03
4.165295057034609089e-03
4.205007355155008890e-03
4.206427695990804481e-03
4.209200711856620272e-03
4.200274162522980685e-03
4.215529916547351881e-03
4.216622036175982947e-03
4.207999441450576208e-03
4.196566259742680154e-03
4.231750593678055769e-03
4.212573647027147844e-03
4.217444497084228694e-03
4.207490440994421897e-03
4.236973375089106257e-03
4.193014853063675371e-03
4.219363286782442692e-03
4.200188159806600777e-03
4.183485062263190071e-03
4.182344884050051212e-03
4.196096267421957696e-03
4.197072127383791491e-03
4.215579643246759357e-03
4.196918699555548041e-03
4.184481844846524648e-03
4.201382682416834879e-03
4.218113220163226956e-03
4.195189333157396845e-03
4.199076274234712566e-03
4.180883503213943427e-03
4.202040483790260225e-03
4.178446563329214596e-03
4.207290343864339595e-03
4.213884680898630219e-03
4.181955553100786746e-03
4.203058048464293310e-03
4.186390127870815402e-03
4.177717020871636946e-03
4.197362383198783090e-03
4.175859118876847249e-03
4.184209195193270767e-03
4.184350657857043888e-03
4.155563256000313101e-03
4.199839439457267801e-03
4.213963884432658444e-03
4.188527898446785767e-03
4.192491961862889263e-03
4.195997833343526051e-03
4.209350896954877283e-03
4.179070395730411988e-03
4.199587911288844150e-03
4.186877952376413282e-03
4.183415641719841552e-03
4.175754820592842212e-03
4.188568077228409584e-03
4.194777362383191391e-03
4.185367024940768801e-03
4.190695171190974948e-03
4.181369250368827117e-03
4.174282710928338413e-03
4.193204931411997731e-03
4.179741971855967936e-03
4.191913672765066115e-03
4.188164349456085025e-03
4.195379028441398490e-03
4.183098353284302531e-03
4.175896684500187556e-03
4.207438370722918486e-03
4.185995832375951665e-03
4.187186934437427469e-03
4.209589898961295720e-03
4.203629013015516142e-03
4.187614211204040461e-03
4.188939524839396800e-03
4.193400203359693573e-03
4.187963106755352230e-03
4.153660581387339304e-03
4.190748996408188813e-03
4.188931623664703119e-03
4.200005410505571954e-03
4.193234635697080590e-03
4.171359704734958242e-03
4.173892015103979926e-03
4.181611022010464640e-03
4.194002788894536128e-03
4.202450980260690264e-03
4.174877893706891926e-03
4.191069825975037022e-03
4.198027984530281961e-03
4.176106082934395204e-03
4.159173136793458889e-03
4.186496747164031654e-03
4.163466896811887120e-03
4.195922452733973941e-03
4.201323415798265473e-03
4.162138888061090933e-03
4.181668231588979261e-03
4.182877005290543820e-03
4.185476916515227033e-03
4.170371196171391605e-03
4.196796228586431934e-03
4.174858492306105645e-03
4.173421791482818596e-03
4.166200905476520264e-03
4.163672723869304981e-03
4.180534540545862050e-03
4.160186927848362123e-03
4.227144523037363807e-03
4.185885634236025110e-03
4.169791991900230303e-03
4.178703255139476144e-03
4.168766649310601778e-03
4.196088389324404908e-03
4.205748971754510665e-03
4.180074187202492859e-03
4.167089077620260602e-03
4.186727498179973299e-03
4.176083572311908507e-03
4.178254047757941868e-03
4.180155867553178237e-03
4.173706222715994202e-03
4.156564833844495800e-03
4.133779294602194822e-03
4.169372661889943210e-03
4.159756628476022657e-03
4.177561883475951893e-03
4.168913643378597579e-03
4.162794087713758175e-03
4.171752825384991183e-03
4.184874924389904785e-03
4.185275712551377730e-03
4.156225927601508996e-03
4.162992437027770651e-03
4.192536844344680290e-03
4.181653649116168388e-03
4.183459886806200137e-03
4.171428070290823104e-03
4.154210939745934909e-03
4.167184992753807105e-03
4.184543963093245549e-03
4.174417337947383330e-03
4.151829460316968680e-03
4.179881357417503454e-03
4.172967222176414935e-03
4.152293620912792145e-03
4.196796353962093176e-03
4.170952885124402064e-03
4.188122395948979185e-03
4.167239161646319259e-03
4.180730525616961971e-03
4.154049953176234926e-03
4.181527735943121535e-03
4.177158388700422803e-03
4.168470086791697601e-03
4.179635515550584116e-03
4.156548604559806223e-03
4.171625324538733547e-03
4.165056881235796454e-03
4.159433103051926942e-03
4.187284189056632647e-03
4.160222495024049408e-03
4.165317523313819340e-03
4.172869451733333956e-03
4.181522153131526573e-03
4.161307437858126866e-03
4.168022054762633190e-03
4.199695815264863248e-03
4.179333507620100821e-03
4.178862490570303331e-03
4.186944917571545390e-03
4.178345717420092059e-03
4.151199186917542590e-03
4.185224173542627726e-03
4.181072457950395574e-03
4.152787432519440200e-03
4.168224865748146671e-03
4.185083467310207923e-03
4.167427042933565147e-03
4.174739067565744893e-03
4.172501157833016089e-03
4.165594875321828802e-03
4.175850718781258519e-03
4.135877311891379519e-03
4.174308051442436954e-03
4.151428707955704019e-03
4.170545119678946769e-03
4.189934802456258753e-03
4.177807129224006023e-03
4.169042080903575045e-03
4.196544335926945951e-03
4.159128099224794831e-03
4.172826919989127553e-03
4.161886310467617818e-03
4.149936007398417719e-03
4.183032304429566348e-03
4.164345873342915200e-03
4.167559429838980749e-03
4.168362378647512759e-03
4.180413386474242377e-03
4.177124812209664917e-03
4.178947674246833409e-03
4.182205531378371463e-03
4.175846493328930209e-03
4.198920870496935902e-03
4.165516896581030089e-03
4.204778088960704416e-03
4.179209262027925968e-03
4.184509221498601897e-03
4.181474203023251117e-03
4.179088556330095780e-03
4.171099955933506125e-03
4.181502326127455905e-03
4.167343234012700279e-03
4.212704727016419563e-03
4.192121560754191387e-03
4.209098174018933471e-03
4.208606297555841230e-03
4.206774893325911438e-03
4.223137622919910170e-03
4.209257324507282259e-03
4.181679416344810836e-03
4.215209901748620362e-03
4.227313187953702853e-03
4.205771267044943092e-03
4.197146024023244021e-03
4.219668778793728495e-03
4.184846390864261842e-03
4.215653507449455481e-03
4.200869716042922308e-03
4.190964865850398471e-03
4.194366596296398263e-03
4.200375850888190751e-03
4.210262476600071246e-03
4.209341168882782883e-03
4.210775433179232870e-03
4.193495070270704395e-03
4.193934957934544044e-03
4.211239497685815604e-03
4.226346677286006541e-03
4.218227578979968743e-03
4.206861842491650336e-03
4.201007033891398026e-03
4.251462105697766634e-03
4.239086384399482280e-03
4.252549489559116769e-03
4.212958638034406712e-03
4.248800101760531051e-03
4.227449658224602738e-03
4.235128545411141927e-03
4.235743387208786882e-03
4.231011876544698604e-03
4.240490662726353367e-03
4.222509508754710393e-03
4.211480282347606317e-03
4.241388670615001480e-03
4.223089422089055731e-03
4.200122489366510566e-03
4.193291864860909483e-03
4.182167054449579917e-03
4.218303413564387233e-03
4.222659146204185178e-03
4.199346251058297050e-03
4.206193252051569284e-03
4.218738112580704830e-03
4.188644269837484869e-03
4.200648553153599717e-03
4.204466564386359281e-03
4.211435274049766739e-03
4.219788600833872597e-03
4.211091494628498022e-03
4.209435283664438379e-03
4.196614381813184788e-03
4.192277979677744640e-03
4.210124036553093002e-03
4.196768252622388312e-03
4.202508191038476469e-03
4.188578972175011593e-03
4.216028946244791860e-03
4.187510835320175200e-03
4.176006648734716456e-03
4.205270238212875308e-03
4.196515806065274912e-03
4.201957849283313035e-03
4.195735488081091952e-03
4.185025340847971578e-03
4.186778340952768129e-03
4.185341258810534176e-03
4.212115936160986188e-03
4.169983564178523713e-03
4.193841773864349573e-03
4.188137015533571587e-03
4.208413426219316175e-03
4.212750749594780693e-03
4.195046387929034400e-03
4.185484121889427971e-03
4.198822124766064291e-03
4.191548349525587094e-03
4.227872846022803603e-03
4.161423872836739549e-03
4.152989751346025486e-03
4.169027364058870352e-03
4.189238362668501643e-03
4.204179553282757012e-03
4.176057048139754715e-03
4.179443236395245960e-03
4.172341090894911807e-03
4.163401842811386387e-03
4.164312813489209897e-03
4.166347694896879554e-03
4.171629835017469715e-03
4.198285335165306484e-03
4.182675892035984423e-03
4.170210856233856969e-03
4.151149007456510914e-03
4.171577777223605885e-03
4.176223014734394001e-03
4.183512976252986779e-03
4.171907269883233689e-03
4.185261356014166947e-03
4.163466315830510397e-03
4.157882633805285930e-03
4.165472736273219401e-03
4.169005841080626953e-03
4.151762176378915627e-03
4.181533103164355829e-03
4.179331887796853065e-03
4.176851724395413967e-03
4.180160951561098619e-03
4.172863400109944054e-03
4.147296337506182692e-03
4.136959235778510380e-03
4.160759151080432872e-03
4.171257733458703758e-03
4.162458740504302798e-03
4.155357880233706384e-03
4.151674916170718446e-03
4.162813829166772152e-03
4.173808263448942554e-03
4.150388766151745859e-03
4.148969671663544842e-03
4.159580549586524255e-03
4.166028861480784717e-03
4.154762673621051512e-03
4.179572153200812601e-03
4.170521226202926132e-03
4.169955787228636808e-03
4.165581359893847160e-03
4.147123239359841798e-03
4.162090454332577003e-03
4.155571370412267963e-03
4.144580426723271441e-03
4.135373387225129045e-03
4.159622822453796012e-03
4.175033569429176424e-03
4.156976655803843249e-03
4.161595230402988926e-03
4.149377121088546408e-03
4.151811310968111547e-03
4.165162365422597594e-03
4.178442326542029621e-03
4.161354161527294065e-03
4.162173428540820799e-03
4.163815611148598272e-03
4.152702252257485169e-03
4.137006112071489605e-03
4.162843174784120609e-03
4.130737153968879957e-03
4.142726947426331185e-03
4.152973311735074294e-03
4.142954626600817147e-03
4.143771833284506587e-03
4.142117158884219864e-03
4.158976757154415546e-03
4.114335556847851030e-03
4.142494270888114928e-03
4.140130286255102633e-03
4.148377663579092683e-03
4.150348306330308226e-03
4.134380629224363585e-03
4.167249325238759142e-03
4.105656886985576196e-03
4.140092695696284165e-03
4.139848121793642671e-03
4.134626442913491226e-03
4.153795393398005201e-03
4.145182057596398864e-03
4.135002709523104801e-03
4.139617872807646419e-03
4.147802747027548240e-03
4.154144954294520381e-03
4.119545405381249033e-03
4.140380813826951070e-03
4.120214136388767115e-03
4.122679212106733840e-03
4.134642024942489051e-03
4.125185096920595644e-03
4.113366096782518008e-03
4.130777816649470677e-03
4.118316781477397888e-03
4.136565350492523926e-03
4.128518430485792270e-03
4.152678379373027709e-03
4.157199142417051553e-03
4.135487320927803620e-03
4.126350363944487377e-03
4.137745781416523466e-03
4.116477413745498262e-03
4.139810805920204548e-03
4.138824261397030038e-03
4.128618489476129465e-03
4.120944896511125402e-03
4.131998401255426029e-03
4.144395700462133111e-03
4.115798959317511219e-03
4.133419750358457816e-03
4.131993247549496998e-03
4.131571985592670526e-03
4.124401836128588003e-03
4.130579647219359378e-03
4.146405638824341225e-03
4.131746160338762609e-03
4.153043575447539805e-03
4.105123380164381330e-03
4.138855012175044271e-03
4.121246810835706154e-03
4.117588978493259659e-03
4.116511458566010466e-03
4.122908303781739996e-03
4.142314847221965565e-03
4.137890309778603781e-03
4.118745736031827545e-03
4.145865458959088062e-03
4.119321602706130236e-03
4.127795447329186788e-03
4.109612609852169099e-03
4.121423732737624843e-03
4.122541004885612280e-03
4.146236898512785200e-03
4.121848520837775691e-03
4.103495716690619584e-03
4.108070306159797291e-03
4.118171632255220732e-03
4.116212471701565130e-03
4.121624272326601321e-03
4.114101981680197417e-03
4.127870349045548171e-03
4.125652658246023279e-03
4.105542840298530630e-03
4.121422707283611472e-03
4.111306702005591146e-03
4.143277716447619011e-03
4.099497004147281166e-03
4.115395470289765455e-03
4.130742866812382036e-03
4.117085284310238909e-03
4.116877423038838024e-03
4.114039957466990999e-03
4.123327650055206260e-03
4.095223043586288490e-03
4.103683622390919515e-03
4.103843844717124621e-03
4.112378405058991424e-03
4.127286562562125331e-03
4.128959478688198209e-03
4.114102292635106808e-03
4.123432981618394867e-03
4.134107656941357796e-03
4.118083704959506382e-03
4.134999738378892196e-03
4.131580131935141779e-03
4.124015353362787788e-03
4.132286093906071059e-03
4.122358013535305267e-03
4.127314302135694918e-03
4.136011700112486415e-03
4.137361213886855266e-03
4.120026149035860633e-03
4.107010335042743029e-03
4.116922663902339644e-03
4.136980499774958568e-03
4.130662319315544714e-03
4.138181826257513254e-03
4.141018621501627722e-03
4.162028552584830232e-03
4.143513285845295928e-03
4.151182211117154797e-03
4.150466722287950161e-03
4.189309531311437990e-03
4.192978460019852055e-03
4.227273403787023057e-03
4.229569496179593803e-03
4.326555432582119588e-03
4.302020092553540502e-03
4.425279088166355138e-03
4.448836044140752968e-03
