2.642007834610998998e+03
6.281995684547016581e-03
1.803101852833095126e-02
5.226182572904270254e-03
6.488675543113946349e-03
5.275700368536627785e-03
5.687613454365621733e-03
4.825959328210207601e-03
4.983031684357634543e-03
4.677195021668177979e-03
5.017218140248447776e-03
4.236304274122163968e-03
4.024260407114509629e-03
3.945654793301289938e-03
4.349199644647262428e-03
4.251912482244139639e-03
3.974791334862917865e-03
3.938986256939384055e-03
4.088865662700966706e-03
3.820472740021057991e-03
3.664294335767611429e-03
3.801951239932997110e-03
3.788163823192482703e-03
4.158979786406375063e-03
3.993356413343978825e-03
4.077026646820005630e-03
3.788511990973590128e-03
4.008859879759458893e-03
3.674319515210711009e-03
3.870898567849284742e-03
3.782934118159754500e-03
3.870704013202423081e-03
3.570663343614178305e-03
4.037725546795468967e-03
3.740606614063867082e-03
3.644951739566816649e-03
3.730108442066742795e-03
3.796311553050766337e-03
3.747252211566901546e-03
3.864159906754562751e-03
3.796339443633728848e-03
3.670657657091407240e-03
3.577514972680745364e-03
3.644584896168390990e-03
3.762115517885432359e-03
3.624698394180753992e-03
3.535008708834613909e-03
3.695023207072688828e-03
3.468421487306771502e-03
3.733412311572548332e-03
3.567960339913038483e-03
3.674112599036170705e-03
3.548963630358507176e-03
3.492774839923352796e-03
3.625458880077633839e-03
3.524067188491274323e-03
3.506904861892510411e-03
3.563880113583422354e-03
3.536158906899003560e-03
3.488800701309556669e-03
3.537778184072105318e-03
3.540606467608369088e-03
3.539332719602104101e-03
3.548294993460003079e-03
3.644761560931230986e-03
3.517325956493671992e-03
3.581085105590669365e-03
3.463682211023522053e-03
3.560442778161203910e-03
3.424290413090548719e-03
3.551422586518789525e-03
3.555548553157841969e-03
3.663405617535228035e-03
3.521666167175025678e-03
3.470969869377936359e-03
3.447557039173292613e-03
3.514190151708166364e-03
3.518416672919235429e-03
3.427187338381037542e-03
3.558014042168904188e-03
3.565057193579156992e-03
3.607242542862683279e-03
3.600608730790970206e-03
3.399835147085068007e-03
3.455913565850904454e-03
3.398504937783333735e-03
3.455875014628571103e-03
3.471211519003395037e-03
3.524158777557535177e-03
3.506103386010882977e-03
3.540557767425389028e-03
3.436792416040869436e-03
3.435908633240962375e-03
3.510969471388110906e-03
3.431043745405550592e-03
3.501810985320882776e-03
3.478139771679663629e-03
3.569215514409001221e-03
3.540658832640433511e-03
3.559280839063963444e-03
3.564514720532005985e-03
3.482476879839601323e-03
3.497977114404372031e-03
3.492991636058959820e-03
3.423501081724645949e-03
3.421115450022074039e-03
3.443532100208051509e-03
3.537699018309659830e-03
3.503882025431047289e-03
3.453300311245530944e-03
3.462239222877047749e-03
3.561306028993378638e-03
3.480666379666416677e-03
3.437143040042023225e-03
3.384847326057326827e-03
3.457414312704795885e-03
3.520559433685450327e-03
3.359746772989679470e-03
3.358936771992014018e-03
3.488732041735942424e-03
3.403755004865745455e-03
3.516407635170444492e-03
3.509927441182861436e-03
3.453786234185803050e-03
3.421513387316097755e-03
3.413132805774638564e-03
3.457564310864865743e-03
3.458541321720417974e-03
3.511848483682764119e-03
3.511490321228805198e-03
3.509047287961052086e-03
3.419131159281552958e-03
3.448218811072973396e-03
3.502584861399380637e-03
3.452643201773394899e-03
3.491044080125815709e-03
3.405857160555693288e-03
3.490025596247441943e-03
3.527262338936017899e-03
3.477825885267728841e-03
3.480335189763517599e-03
3.504678733808853745e-03
3.402892173733682631e-03
3.386175056338318508e-03
3.513900384483836185e-03
3.481151098048545448e-03
3.443335177598485456e-03
3.388171649951733644e-03
3.406820103244557942e-03
3.406948748325208578e-03
3.434533902004679312e-03
3.375097225904306192e-03
3.465731003425973587e-03
3.417047718401509167e-03
3.418781555765072061e-03
3.375397753713320521e-03
3.426962189022836423e-03
3.449742420265452213e-03
3.488003680673990633e-03
3.444652519833521585e-03
3.341056309092007431e-03
3.381534555336371348e-03
3.499803988142347576e-03
3.336260716566524613e-03
3.410142239162485510e-03
3.382155419897887264e-03
3.509264605791013927e-03
3.439115055618350604e-03
3.471197996936424557e-03
3.405819563677276764e-03
3.524041707647566305e-03
3.466636534904615763e-03
3.406746458069304269e-03
3.478656986109700082e-03
3.439596186685824845e-03
3.498592128632650559e-03
3.440032825050583828e-03
3.476247893527115163e-03
3.479124437020749555e-03
3.434271823840324978e-03
3.424420375730168834e-03
3.424915877326023626e-03
3.465300144410283362e-03
3.465797223549994983e-03
3.512941137071164642e-03
3.402407222584024650e-03
3.441811602894559279e-03
3.428339255920092275e-03
3.508434187223212573e-03
3.410704267530105353e-03
3.368593960224509302e-03
3.470411566020260678e-03
3.390598094090720334e-03
3.393242221849181693e-03
3.390649092546557577e-03
3.386895714263533311e-03
3.458565813349918049e-03
3.398972340497011767e-03
3.476905934033132275e-03
3.383522069466792480e-03
3.425268108571854174e-03
3.404578696454323150e-03
3.390586498300914541e-03
3.462163947590000262e-03
3.366396653802553127e-03
3.448883717582105525e-03
3.418273649910829465e-03
3.410754054281283677e-03
3.378378567791968413e-03
3.499807617108938781e-03
3.409077782200150945e-03
3.418145298917043932e-03
3.450471777116540049e-03
3.450468931902231969e-03
3.471882189368975281e-03
3.416739710388938447e-03
3.427050103841977613e-03
3.350778568230934097e-03
3.416861035853667461e-03
3.399209957988080181e-03
3.432629474263199001e-03
3.477692353413288327e-03
3.425570486518962014e-03
3.414789072007486017e-03
3.423532440750989055e-03
3.462184896330513378e-03
3.364537493362033862e-03
3.459584309322168930e-03
3.444263655294625779e-03
3.438773860302048787e-03
3.320778612938178435e-03
3.460917994475134173e-03
3.366818478588942502e-03
3.417364743104597813e-03
3.371869843920024569e-03
3.359520288499226633e-03
3.367248202818158738e-03
3.433119909109481373e-03
3.384830181129120513e-03
3.386249851159853132e-03
3.419360291348212677e-03
3.420521524187417148e-03
3.371903057156287829e-03
3.461605415893436420e-03
3.358031866243595988e-03
3.448211545120034253e-03
3.414086135685137809e-03
3.410194434595951313e-03
3.388413024052900572e-03
3.418638454059160815e-03
3.402045784347008158e-03
3.354452759120719798e-03
3.380751638845374586e-03
3.466031763850006310e-03
3.412744144069266607e-03
3.417847390569632524e-03
3.398461864792460489e-03
3.418980556881613155e-03
3.412067650450102164e-03
3.430155463601093115e-03
3.472516508171678059e-03
3.342905400333081971e-03
3.437153660747305044e-03
3.448619787850322298e-03
3.431064155711209714e-03
3.409886627361938434e-03
3.420972472657924507e-03
3.425116537010815341e-03
3.406090528586870093e-03
3.395858026501161805e-03
3.416737520543183197e-03
3.419261181863449909e-03
3.405875582264195674e-03
3.385934229155881936e-03
3.356689175542389159e-03
3.410717658209864393e-03
3.373211754167398328e-03
3.380497977095878268e-03
3.408967535819634916e-03
3.355797333247296284e-03
3.425701526455526922e-03
3.381746852672117085e-03
3.365735313747166176e-03
3.364639683260833760e-03
3.390100518379571097e-03
3.410439362646565473e-03
3.353351990172564242e-03
3.447757845799033320e-03
3.407181334185111453e-03
3.451771987298389490e-03
3.415208559598830688e-03
3.453929788077147491e-03
3.334948841723746164e-03
3.376021552448651812e-03
3.408955845279218553e-03
3.421352101388378496e-03
3.398409719146972680e-03
3.418937723239171608e-03
3.360485922346271269e-03
3.410779268349570063e-03
3.375612910281340813e-03
3.355563958730183559e-03
3.381193921938803297e-03
3.388015297837556564e-03
3.403110459768595580e-03
3.371359906059996549e-03
3.372458897261630065e-03
3.367903224621250635e-03
3.424017508796358463e-03
3.351044975962169659e-03
3.327743843758742322e-03
3.384904530756012268e-03
3.405017241136682436e-03
3.381950051451102814e-03
3.346807861533458543e-03
3.407663331038419344e-03
3.367480566224669535e-03
3.442312328097266692e-03
3.439444293073633772e-03
3.376843523456821324e-03
3.367486108115724970e-03
3.436608678363169741e-03
3.377526417588380594e-03
3.352859881130028884e-03
3.419100524998187288e-03
3.445804356705863859e-03
3.401189576368353427e-03
3.409746711991543805e-03
3.415019236025045035e-03
3.441965535671522719e-03
3.398608648050280984e-03
3.455065618376608385e-03
3.395876996480286236e-03
3.403469164484888062e-03
3.381767371711289719e-03
3.371967215647185458e-03
3.399256923479518355e-03
3.385635124750670851e-03
3.425860258473628107e-03
3.393988390029296313e-03
3.394680429365800473e-03
3.352910072865828567e-03
3.394936846332140094e-03
3.375317650019059919e-03
3.378711060000844091e-03
3.392384969928852970e-03
3.359942969389339944e-03
3.407161551866637154e-03
3.408820573672578097e-03
3.384505212215885815e-03
3.373651301181617487e-03
3.354190958730162049e-03
3.387350113049725740e-03
3.376688957997513001e-03
3.410750372762669409e-03
3.351895293095119490e-03
3.420276756216399268e-03
3.372793066533959130e-03
3.370757726737803016e-03
3.395691098009666516e-03
3.351472885325606967e-03
3.404649576215975585e-03
3.381805879034635760e-03
3.385626034568876928e-03
3.372014639933611745e-03
3.389503665435656538e-03
3.406028845276208583e-03
3.375133887796917358e-03
3.399876853250060477e-03
3.337654605138162030e-03
3.413545026267253597e-03
3.337137405062944560e-03
3.374291716974240577e-03
3.373089075164111168e-03
3.434641434537820219e-03
3.383556699493856738e-03
3.379237153840097124e-03
3.384340265095991170e-03
3.340244674381450448e-03
3.404136772367186148e-03
3.401029562142030699e-03
3.349740071218883144e-03
3.377970585597636025e-03
3.354317177380813052e-03
3.440847993890436881e-03
3.392231386993069860e-03
3.383695333828010306e-03
3.342377984991669500e-03
3.383201938448716917e-03
3.371394838503929264e-03
3.434680287148367869e-03
3.416017017341781148e-03
3.373097504342310784e-03
3.387577672304364212e-03
3.388999064281213343e-03
3.379224730404990079e-03
3.424833355906845619e-03
3.395137032490292035e-03
3.384159369369144944e-03
3.360616842527665120e-03
3.399155946942947724e-03
3.354973031829144164e-03
3.403838683081057605e-03
3.373854959924654003e-03
3.398838047222376563e-03
3.363989967618770220e-03
3.362856360634568220e-03
3.389497110148958960e-03
3.372093203459560016e-03
3.331508504611306685e-03
3.353027043961619245e-03
3.371128946628014402e-03
3.413227515862794770e-03
3.414396888882984676e-03
3.427273565136054051e-03
3.328628530807854844e-03
3.401094529568654459e-03
3.415208184217993596e-03
3.418372694584635718e-03
3.424192443872776156e-03
3.380352742116544962e-03
3.396209804494018138e-03
3.351747799351908422e-03
3.364785773203535398e-03
3.352884775055588705e-03
3.391925883604585829e-03
3.368517809193177000e-03
3.408496077697388462e-03
3.382896788730692991e-03
3.413791159937850511e-03
3.401050522615161296e-03
3.365446670508561670e-03
3.398101535739318953e-03
3.343765208833518465e-03
3.387781188305768847e-03
3.392224015124191503e-03
3.392317183548808259e-03
3.389406314327592790e-03
3.357574845468998953e-03
3.373417425411578876e-03
3.416454737162178713e-03
3.376580493998577841e-03
3.410723145072178282e-03
3.354931057113295229e-03
3.401034720841476615e-03
3.410686346503524671e-03
3.346074747894259207e-03
3.387291821920328846e-03
3.351809719294729980e-03
3.382911020086488193e-03
3.362722787486123466e-03
3.372495437911403847e-03
3.364553564061115252e-03
3.376200258904710379e-03
3.404552377671327731e-03
3.384381035728195684e-03
3.417048729270851827e-03
3.374000598952691526e-03
3.421710546533640509e-03
3.359852587217162460e-03
3.424021747438980249e-03
3.359563726822465367e-03
3.381288052905249281e-03
3.348094433395979504e-03
3.385121968726212578e-03
3.358364153839160128e-03
3.355331119036326828e-03
3.345339349833132640e-03
3.378803570320449388e-03
3.373624753483715072e-03
3.392510241979203225e-03
3.403560334707773135e-03
3.398943488331410221e-03
3.364845885979771741e-03
3.392286264201682666e-03
3.357552283292804772e-03
3.364989289649361007e-03
3.395399142276233663e-03
3.422104838870777994e-03
3.356466001413540949e-03
3.391770934936696319e-03
3.399495259549185737e-03
3.395649308051664622e-03
3.389186278691815046e-03
3.370371096489155251e-03
3.423940935162747470e-03
3.361408610887230315e-03
3.429285337808708756e-03
3.344922950799047306e-03
3.394958760018398046e-03
3.419834823396990416e-03
3.372610018439205302e-03
3.378510655104902984e-03
3.388299301840061624e-03
3.347356231249181378e-03
3.370691793409773089e-03
3.393942343177711561e-03
3.397751079928708253e-03
3.359647124170941218e-03
3.354825287882176078e-03
3.364550647643433680e-03
3.343363829207935626e-03
3.361734212463599134e-03
3.365389494041454328e-03
3.368509039622871824e-03
3.367034243599699526e-03
3.408813018716949118e-03
3.420854444515854763e-03
3.378253609902080127e-03
3.392595079040754830e-03
3.367753112730085489e-03
3.383360901092331147e-03
3.357495092322632883e-03
3.346875357160138727e-03
3.338846553960419985e-03
3.350036337536473844e-03
3.399729865165233064e-03
3.393908910930312252e-03
3.409549927717546447e-03
3.370408018917229846e-03
3.351083689612264355e-03
3.399860259907064395e-03
3.368284490513314029e-03
3.422115319508794301e-03
3.398556898227488108e-03
3.412036117021058444e-03
3.341883531425427455e-03
3.341926987095479411e-03
3.343495179206993576e-03
3.378780129817181808e-03
3.396013033019036099e-03
3.390696347157855315e-03
3.402975582922546961e-03
3.356136882824737374e-03
3.322657990800919302e-03
3.387194146203176357e-03
3.370147939917209155e-03
3.374291766978543359e-03
3.431545873371326903e-03
3.370096149478897518e-03
3.373869357435999028e-03
3.356750235157750402e-03
3.427725550536624925e-03
3.350189701908748950e-03
3.394839497284336729e-03
3.390908522894716011e-03
3.403365548934821853e-03
3.337738943387925754e-03
3.361826473086103328e-03
3.373812697445034790e-03
3.379542144196200689e-03
3.390322430733304360e-03
3.388510801945496080e-03
3.332920832220104962e-03
3.350890819850062437e-03
3.394468280407814034e-03
3.364380814763260480e-03
3.383176745206707865e-03
3.374089465633386270e-03
3.373143059372237483e-03
3.375263905520044239e-03
3.385719533927877313e-03
3.361140253953961900e-03
3.367392659033039380e-03
3.370035167972539915e-03
3.391410202048567198e-03
3.387184721941708353e-03
3.377858543148993305e-03
3.369923746169418283e-03
3.398524585545498796e-03
3.354821405892909579e-03
3.354365431882772811e-03
3.337387997476545624e-03
3.376162362042445329e-03
3.350260187166133156e-03
3.362671034234596297e-03
3.351486595154737867e-03
3.351470682098373934e-03
3.428697513871987144e-03
3.393249296581918404e-03
3.393025962500704172e-03
3.363825889849683497e-03
3.400056720648282627e-03
3.360027026093209863e-03
3.370803236732228345e-03
3.401124780353786958e-03
3.365490536872964983e-03
3.388983614415824134e-03
3.370903301672383001e-03
3.412605535313517017e-03
3.350502744645677579e-03
3.398933047875242648e-03
3.376425681939218375e-03
3.368887360814107421e-03
3.403111382515701302e-03
3.369904445140581468e-03
3.396561225718613269e-03
3.410462357885118197e-03
3.370829223668597198e-03
3.407374200567223760e-03
3.390006472830321867e-03
3.383719968653464173e-03
3.385566947891121940e-03
3.354084097786802325e-03
3.366303721235780477e-03
3.400650430153394962e-03
3.375885740609852002e-03
3.395037393596807979e-03
3.365234945176786598e-03
3.371236450754515855e-03
3.387711286728684913e-03
3.369442868091017309e-03
3.393810401351499053e-03
3.378731701627783919e-03
3.364309227561170651e-03
3.407414199796814178e-03
3.398392339868065194e-03
3.374016616430466214e-03
3.396204110332018584e-03
3.366482367580628330e-03
3.343892990625914417e-03
3.383146132999320828e-03
3.366430999161136757e-03
3.394028669948323702e-03
3.396641528624917000e-03
3.370199753896476434e-03
3.350823700428226439e-03
3.368857363306959445e-03
3.391739739228650467e-03
3.359201390053286138e-03
3.382483835254885586e-03
3.397184195927290158e-03
3.349505368937568013e-03
3.352593571742276853e-03
3.366923003703550018e-03
3.366659190420067446e-03
3.378285630530491936e-03
3.379309580827968666e-03
3.354138690010597702e-03
3.357569958255239399e-03
3.306182724486395746e-03
3.335171782981014715e-03
3.352159993030384873e-03
3.342768301882906128e-03
3.344010369723503240e-03
3.369845375733678764e-03
3.358683927821490105e-03
3.361370894019351848e-03
3.353517800802196993e-03
3.335227815478669471e-03
3.336010182403205317e-03
3.354153428089901544e-03
3.356009703277007018e-03
3.393243871350395263e-03
3.383993943076689295e-03
3.347242530717378737e-03
3.378659066599217463e-03
3.353148970275930587e-03
3.377082743746155809e-03
3.386298461599921740e-03
3.385783819575515809e-03
3.386473972606037462e-03
3.377792008340628656e-03
3.392868405003331058e-03
3.372054553630646299e-03
3.388378789752222002e-03
3.344621115905965260e-03
3.366343551927763848e-03
3.319294574110303545e-03
3.359883836784982591e-03
3.352104620449606470e-03
3.387932137528372554e-03
3.336469733145584066e-03
3.375583613301856058e-03
3.385820571415103925e-03
3.376979092954204235e-03
3.356089845241287152e-03
3.355003495627351725e-03
3.353765536312423162e-03
3.348478107284656204e-03
3.351036113803663920e-03
3.350957622300403810e-03
3.371977814173109100e-03
3.378610068078632348e-03
3.348592593261689836e-03
3.356752336407052562e-03
3.386142127876697050e-03
3.354424447618636982e-03
3.371211223285960294e-03
3.429798969401259747e-03
3.372153039491672215e-03
3.386064799709220113e-03
3.402711829911087005e-03
3.380757111428476548e-03
3.346685949052898620e-03
3.359252297092570668e-03
3.351113211218011145e-03
3.380608844447745894e-03
3.342241440795198221e-03
3.413524963088918757e-03
3.359437334615307524e-03
3.324179598563373368e-03
3.428841356379320332e-03
3.332731610653093431e-03
3.364899412943298668e-03
3.350458452375208208e-03
3.376314491004746895e-03
3.377029122152124061e-03
3.332870549599895038e-03
3.409707912122998761e-03
3.374216409571798546e-03
3.369152536480310520e-03
3.357653254703885093e-03
3.348752487987781239e-03
3.348194599322472376e-03
3.333125299744746535e-03
3.387157926791271780e-03
3.390163996740617417e-03
3.382933083733565514e-03
3.355493863108466399e-03
3.360579333279650228e-03
3.384782367662640592e-03
3.348966519643839339e-03
3.362234303697591350e-03
3.415299900340235204e-03
3.373108469731488177e-03
3.372056306732674428e-03
3.394208776099508999e-03
3.343680427271913946e-03
3.362707677526748616e-03
3.415814201832435837e-03
3.345244992750147535e-03
3.372507345472092188e-03
3.357132916973471631e-03
3.350104108843318489e-03
3.380281413284294545e-03
3.362976685609827317e-03
3.396521061145652779e-03
3.362597996706838312e-03
3.374364435995458409e-03
3.367776951370442338e-03
3.380538074429986686e-03
3.365611552016286971e-03
3.389365099177058145e-03
3.380010836151667135e-03
3.373666596177745617e-03
3.382699061293243346e-03
3.363032935931799250e-03
3.398644482441954585e-03
3.410322742282455473e-03
3.380102653525499188e-03
3.375608954352580897e-03
3.382263223098273298e-03
3.397843194913275407e-03
3.369200466180588636e-03
3.373462479684125569e-03
3.349696502118980172e-03
3.393482437934262387e-03
3.333078437024629328e-03
3.353513516780247308e-03
3.377031854443897536e-03
3.375733948079855627e-03
3.418452119660886444e-03
3.363763275638113979e-03
3.375520833361179453e-03
3.344362684872482974e-03
3.383943767955519856e-03
3.373478117989033541e-03
3.387821282175871272e-03
3.356500395665431517e-03
3.379506586492927143e-03
3.346537761025484940e-03
3.400504867003722228e-03
3.365306014679221580e-03
3.352918199270873978e-03
3.359610865799562973e-03
3.391133387713677304e-03
3.365940003835554695e-03
3.356904241986107765e-03
3.369230115279308636e-03
3.410618634514697538e-03
3.365178951164436629e-03
3.346253048925626992e-03
3.330514431962520137e-03
3.345390085338693312e-03
3.359012192851643271e-03
3.388261616949687135e-03
3.352590738500737470e-03
3.385525044439543964e-03
3.390984604700639921e-03
3.350596181182063232e-03
3.369851872935084557e-03
3.359284598731122982e-03
3.364659365702338950e-03
3.348280524255661805e-03
3.380267462927152942e-03
3.367784830293108541e-03
3.394688669953355685e-03
3.363035884656051435e-03
3.349243681874106236e-03
3.362356671317923065e-03
3.411669722217483720e-03
3.362955663181905162e-03
3.380889485061755288e-03
3.376297561684690838e-03
3.395057658258129364e-03
3.358624181173171241e-03
3.384386592642647709e-03
3.369528299392188231e-03
3.361920940838779293e-03
3.364438796610814183e-03
3.373610918029574211e-03
3.396711683150901908e-03
3.417101046623956077e-03
3.351061451739452499e-03
3.370452438867582810e-03
3.399734002830760108e-03
3.370346675584501295e-03
3.370282599159593519e-03
3.333093978438356891e-03
3.317599801083418419e-03
3.376362862026817489e-03
3.355272485843793871e-03
3.343408416582088673e-03
3.389782269621576839e-03
3.372836863846329254e-03
3.414015393614217020e-03
3.369254896683313016e-03
3.420202213538876043e-03
3.367152543065737337e-03
3.355559111261364417e-03
3.361900962111303518e-03
3.361052579170380281e-03
3.407244209624567949e-03
3.410256993006850756e-03
3.377470592228230904e-03
3.377213424570712358e-03
3.374984171373190088e-03
3.378590670863822285e-03
3.367325705595598014e-03
3.372093523184210850e-03
3.352267319436143256e-03
3.325404010619477206e-03
3.363235668700810012e-03
3.366636957493558506e-03
3.361397903392788870e-03
3.372786337456000656e-03
3.357318333086594525e-03
3.368018153893656032e-03
3.355289436329578386e-03
3.336105662649581274e-03
3.387820114912878412e-03
3.386004238087435801e-03
3.346388558263585587e-03
3.372470871955518014e-03
3.396467122137130507e-03
3.357079406321681388e-03
3.366076408639011915e-03
3.363112152665697491e-03
3.410109187289264102e-03
3.377855429708258913e-03
3.388446720047803753e-03
3.365131224327551265e-03
3.378302583054509749e-03
3.370477557485837636e-03
3.377565919463716877e-03
3.366575769930842295e-03
3.372762350323985168e-03
3.355876405004966454e-03
3.357737690802084334e-03
3.397208307375813256e-03
3.369391112350761299e-03
3.355478647130327036e-03
3.346790576529493078e-03
3.394911475442114086e-03
3.383597088706999986e-03
3.401059306892008881e-03
3.377335367346329977e-03
3.355402384945085741e-03
3.383173468192690082e-03
3.404198775496558669e-03
3.356993111190251407e-03
3.365937228491198453e-03
3.347186248011324410e-03
3.359523743712183094e-03
3.352541441587846699e-03
3.391498191290793270e-03
3.362551481481461553e-03
3.362838084621018464e-03
3.378257216475464252e-03
3.377930591892185780e-03
3.378960239148181589e-03
3.356394990478668659e-03
3.387315962799929310e-03
3.381558833551454642e-03
3.350852850856344232e-03
3.367322343754483496e-03
3.339274549764349644e-03
3.417130477677396330e-03
3.380658750955683415e-03
3.361865976277274206e-03
3.377722199871131033e-03
3.381884105868078558e-03
3.370763132777354794e-03
3.380121670531904127e-03
3.351640413374466082e-03
3.350369533036878268e-03
3.368675181117648017e-03
3.351571089427595775e-03
3.357831658625879019e-03
3.324618809833027131e-03
3.377176514315887584e-03
3.352571486704322180e-03
3.381342531765087981e-03
3.383619234641401831e-03
3.387928911432640418e-03
3.361820609817875623e-03
3.392876574972734319e-03
3.380454794779198802e-03
3.365347957545879697e-03
3.373289181875509246e-03
3.317669290321352549e-03
3.373625187529173501e-03
3.377303834854898656e-03
3.364720531453466168e-03
3.362700591736921766e-03
3.358066760253812424e-03
3.365970761408018479e-03
3.388133304925192071e-03
3.366980854712335082e-03
3.373857350195992068e-03
3.359145746255939868e-03
3.386055167482012428e-03
3.380454766382984168e-03
3.373101930308198410e-03
3.344099698574239804e-03
3.341105187891347476e-03
3.359826549958257972e-03
3.357645079425483799e-03
3.358087106100453995e-03
3.374137333997817394e-03
3.390240378215046615e-03
3.370575032353769623e-03
3.359671718046969378e-03
3.354562950085879930e-03
3.391828677445438232e-03
3.385121949429065365e-03
3.379315920069906470e-03
3.357671875486643257e-03
3.381134784138644690e-03
3.377858468150937796e-03
3.353488422481229643e-03
3.363860619437413022e-03
3.364630250600794854e-03
3.354151119666239252e-03
3.366697759578835686e-03
3.357258665512259568e-03
3.385320134008262642e-03
3.382822794015467264e-03
3.340349553523363265e-03
3.325824375266613585e-03
3.341657479604407018e-03
3.371893365425762505e-03
3.363489541683800568e-03
3.359310409360527581e-03
3.343724087624808192e-03
3.385791988745327774e-03
3.353177139736912733e-03
3.354799103519656711e-03
3.375089191392453055e-03
3.404656920349650919e-03
3.352856313556981573e-03
3.366538345857663338e-03
3.346535585937600830e-03
3.366446993875443685e-03
3.366295670205035617e-03
3.368176867914930098e-03
3.368648092735159090e-03
3.336254591868762637e-03
3.393603593633115999e-03
3.370413401320364148e-03
3.410150367096274199e-03
3.372155292856687629e-03
3.341537003407631275e-03
3.366025404727278521e-03
3.386191963040326939e-03
3.359534406690969054e-03
3.378617186567379159e-03
3.370007268138820126e-03
3.331667890193000438e-03
3.368738488846290298e-03
3.340891228065652648e-03
3.401718841480807966e-03
3.337125527669627858e-03
3.380824279176766929e-03
3.356586904323690529e-03
3.372845572467508910e-03
3.388188127379904678e-03
3.366646196075958469e-03
3.409219398667249178e-03
3.356544145640889907e-03
3.390580909167758249e-03
3.385816831728926442e-03
3.365407913021311280e-03
3.362847300798084329e-03
3.360074435960171829e-03
3.376573480212810389e-03
3.367875804447946399e-03
3.340819040388168151e-03
3.360350138060475174e-03
3.363241444452540196e-03
3.377234275645376975e-03
3.369168468202041015e-03
3.361948569917502100e-03
3.372314645414431489e-03
3.370700964127970080e-03
3.358172798286567472e-03
3.366596307047911747e-03
3.351702555642938151e-03
3.386657581595082372e-03
3.372615860849012548e-03
3.358852305527073971e-03
3.386792300151116649e-03
3.376674459374567113e-03
3.368090490898686951e-03
3.325700835359459567e-03
3.343934043481065765e-03
3.357441270974240079e-03
3.353915765787591173e-03
3.353541510975692561e-03
3.347984435332482765e-03
3.381869469491036347e-03
3.377615542638124583e-03
3.374551561561280923e-03
3.375024423924257583e-03
3.349065727643746500e-03
3.383324700194822315e-03
3.353595882688377265e-03
3.389594534933588858e-03
3.369957155881771714e-03
3.381251624689385338e-03
3.393625265818691651e-03
3.360755776834729782e-03
3.361543933330310430e-03
3.333788375980671799e-03
3.367042001633022055e-03
3.333371031139173608e-03
3.351102646076406684e-03
3.372644954440247918e-03
3.382113308929284023e-03
3.356659132615476444e-03
3.355600994989415328e-03
3.349114506257233441e-03
3.363002061666995647e-03
3.374073005995334440e-03
3.361678561513947207e-03
3.358689836832674976e-03
3.368179903647623534e-03
3.402038001653789976e-03
3.364256130008977472e-03
3.388047183718421920e-03
3.342097598868608820e-03
3.364898379673613577e-03
3.377581995199603008e-03
3.362034767166353303e-03
3.349579815530431045e-03
3.339918129731063445e-03
3.343905241948501913e-03
3.380075372977420396e-03
3.325881678547024708e-03
3.322205927937913091e-03
3.370951339523277183e-03
3.371250509716095835e-03
3.376110956343257499e-03
3.374820655823955635e-03
3.363560136471949007e-03
3.350801000451301796e-03
3.331596347545285556e-03
3.348839073640202165e-03
3.340772043064815268e-03
3.360102973755284966e-03
3.350521506998305719e-03
3.330868723093167224e-03
3.370878320188316294e-03
3.388099593294563970e-03
3.342760792523382599e-03
3.381099707868058697e-03
3.361788733128308164e-03
3.358349613295875079e-03
3.389605083435667625e-03
3.367148454437047383e-03
3.368195478198814791e-03
3.355158863111922657e-03
3.380184173191648576e-03
3.367817663517480489e-03
3.317758964714025323e-03
3.362973595267668928e-03
3.347742399256219137e-03
3.392308487142459313e-03
3.350605645950727792e-03
3.365269794352423408e-03
3.340335747070989538e-03
3.340617830772990484e-03
3.352664739924282426e-03
3.354560966079788570e-03
3.377719545328661081e-03
3.376287970297965624e-03
3.343563311711107797e-03
3.376119018886598357e-03
3.374582438553155265e-03
3.386836633859390162e-03
3.378819904957262258e-03
3.373099298670019335e-03
3.345622682158160173e-03
3.397532694015110120e-03
3.377073848845841240e-03
3.361832471005932101e-03
3.338891608250063679e-03
3.367479564578205846e-03
3.396278109772354371e-03
3.361817823639529860e-03
3.353915393790100202e-03
3.363581165138301073e-03
3.366997539450033300e-03
3.361995597087804547e-03
3.343167085203840698e-03
3.371399892514358176e-03
3.356510457987241930e-03
3.349224163257435386e-03
3.362599855454127644e-03
3.369385849048847636e-03
3.352929187223544112e-03
3.363748390555163469e-03
3.356148123797202728e-03
3.342933691789275793e-03
3.363571524277352096e-03
3.365613829483149640e-03
3.380163869751365811e-03
3.362810829863579262e-03
3.353070786144516334e-03
3.364983680275118131e-03
3.376665251553420503e-03
3.369734578504448436e-03
3.395779603083953681e-03
3.370777636951917573e-03
3.371321805767620201e-03
3.391548505576698434e-03
3.327372552197598726e-03
3.363452453722081022e-03
3.360726209821894746e-03
3.369173484271436366e-03
3.354514395661454401e-03
3.383885670126670405e-03
3.368819069070855265e-03
3.331918864961494475e-03
3.358996516700490931e-03
3.388009573482589527e-03
3.369533847384199778e-03
3.365877171542036410e-03
3.373536286779379220e-03
3.359383071403150393e-03
3.353775978784345052e-03
3.385520340951646192e-03
3.348678013201386496e-03
3.327368487867999290e-03
3.366056927426047500e-03
3.351008740547478746e-03
3.354245110808594995e-03
3.362712957137717947e-03
3.367617881204130331e-03
3.371662640150124846e-03
3.354009532757557064e-03
3.380817091315360158e-03
3.355504342267519920e-03
3.364865299311178143e-03
3.358714838307097408e-03
3.364675309966189999e-03
3.353377488592970170e-03
3.403683725003183586e-03
3.352295537693492956e-03
3.357310849791083490e-03
3.375701156867452236e-03
3.363557764969994125e-03
3.366521015055953803e-03
3.351362381589530898e-03
3.360197890128803662e-03
3.377937098570166045e-03
3.367123532382726957e-03
3.366347115752593711e-03
3.383174017992887639e-03
3.372489434421002859e-03
3.363728183065374348e-03
3.372670158843365899e-03
3.362455484767463889e-03
3.356620412385976325e-03
3.337653725842783334e-03
3.360213503520773169e-03
3.343133761595529999e-03
3.375880172396933908e-03
3.350079588763561940e-03
3.360823285101867224e-03
3.370819659416963900e-03
3.355021166503251856e-03
3.366578891357537105e-03
3.367949740102699034e-03
3.340505107566665334e-03
3.324510499133410089e-03
3.333688245558059145e-03
3.381441422894832655e-03
3.343795805737379695e-03
3.365096057941551443e-03
3.366228952530811360e-03
3.383483246058502196e-03
3.356760029117653900e-03
3.346380325335319376e-03
3.327464692564380874e-03
3.361006055355602630e-03
3.368827938226524703e-03
3.349795416787322566e-03
3.361399658895759725e-03
3.341060073722995020e-03
3.351572845161768840e-03
3.353976367104442163e-03
3.338167042504694600e-03
3.339353697730019360e-03
3.343277120283395625e-03
3.364347234906675012e-03
3.389376174468829942e-03
3.347332996756759767e-03
3.350357866159251082e-03
3.351433196888756183e-03
3.414835497925742484e-03
3.353875889332526110e-03
3.330227135595826941e-03
3.357248165415043818e-03
3.360733986773565933e-03
3.368217155146065872e-03
3.367945148173542673e-03
3.365423414185997331e-03
3.338730690204694870e-03
3.357289140500344278e-03
3.373497786304190203e-03
3.358150636343345923e-03
3.397386569452447939e-03
3.384015834584989425e-03
3.347238904849485913e-03
3.362478615606882652e-03
3.367241792857844033e-03
3.353079721631356362e-03
3.362098806952032969e-03
3.362994711418675065e-03
3.342170035823811142e-03
3.368847989803157306e-03
3.387386319277912311e-03
3.361718643711904177e-03
3.376964462111397419e-03
3.372410350720896066e-03
3.351643997671208738e-03
3.345333130670135983e-03
3.386394491710559458e-03
3.362842389288202369e-03
3.380343036611833853e-03
3.378570677511316591e-03
3.378123109918376721e-03
3.375728302622872656e-03
3.355274374327946348e-03
3.346006986175812346e-03
3.388814909286029693e-03
3.346768369153607821e-03
3.347188717383288263e-03
3.374687399078050466e-03
3.353076357248346330e-03
3.327004743594786599e-03
3.357142524361368587e-03
3.390557419383001623e-03
3.380067815170893948e-03
3.371072567181619076e-03
3.358764858072359021e-03
3.372695181194323207e-03
3.373379698922308184e-03
3.347872284685346478e-03
3.350043256310746530e-03
3.372775854467262302e-03
3.355921670286654730e-03
3.369753446701644062e-03
3.365013125827340766e-03
3.377369717685581394e-03
3.340563928828206575e-03
3.367155441280254239e-03
3.381368723648723457e-03
3.346849320245862212e-03
3.357258011826660428e-03
3.365133788249154070e-03
3.336669662419532861e-03
3.368574808653141458e-03
3.343734386363156862e-03
3.350566508774075521e-03
3.379862053999216527e-03
3.339671500989281096e-03
3.366218600918374770e-03
3.350394848979065029e-03
3.374024112934853083e-03
3.367896043806659252e-03
3.335949189578127881e-03
3.404126146854077016e-03
3.336648038895969563e-03
3.338367514344869717e-03
3.350958174243723851e-03
3.359905524680553614e-03
3.353072268211744391e-03
3.355209741702053130e-03
3.350491858023971030e-03
3.383368962702940248e-03
3.346211735840221631e-03
3.359375330318045867e-03
3.364331835780542783e-03
3.368929245068450450e-03
3.359125596654501979e-03
3.373040221554194588e-03
3.389108523542192723e-03
3.357350352263854202e-03
3.368619639528157208e-03
3.369330655960287631e-03
3.357743405274817017e-03
3.347364072259415707e-03
3.364712246054280854e-03
3.351937304052009844e-03
3.358751073096384512e-03
3.385727179734941607e-03
3.362530742555670891e-03
3.349062394083712584e-03
3.370737002363788370e-03
3.361973807051380023e-03
3.372939653137253628e-03
3.352963855887899219e-03
3.393451752771362625e-03
3.369323074736765844e-03
3.365997163481997817e-03
3.390518710370241280e-03
3.363252519988534604e-03
3.366955361539903518e-03
3.362562011887331760e-03
3.345209791742283743e-03
3.358254740972993653e-03
3.344351072669120468e-03
3.390440473002999389e-03
3.354551933074493425e-03
3.368820302646831442e-03
3.386027601988172205e-03
3.346200907940883630e-03
3.355673901206535168e-03
3.378337960859918027e-03
3.323904233778924525e-03
3.383205436439815951e-03
3.353750840494535475e-03
3.351092700052587473e-03
3.355148447112029329e-03
3.351477205675594019e-03
3.373165651563917421e-03
3.345209296203017438e-03
3.361430067503403361e-03
3.361154159150593623e-03
3.351163202347306330e-03
3.352406083302359417e-03
3.379676455431454563e-03
3.383000617803381960e-03
3.351931744283379554e-03
3.356070384105258077e-03
3.361896541516911675e-03
3.355307448422234322e-03
3.359862318124381790e-03
3.382302311441146101e-03
3.390975946617371360e-03
3.344253109927610573e-03
3.373667951584226245e-03
3.349250590336923239e-03
3.367578823366264903e-03
3.354736459849546985e-03
3.358989617170710963e-03
3.377634563265438650e-03
3.369821883604743468e-03
3.327102936008194314e-03
3.374068428740886576e-03
3.334679847639936221e-03
3.353002313780582139e-03
3.360616817047938718e-03
3.357482831838287662e-03
3.348187175471428918e-03
3.362237211742061076e-03
3.352073582073875763e-03
3.362753673022304129e-03
3.370197597386667600e-03
3.352268729416528308e-03
3.339473292530932558e-03
3.374578299607623906e-03
3.343344568681795494e-03
3.355009885539578240e-03
3.348409318323877781e-03
3.345526910579333432e-03
3.368433481351161725e-03
3.372782994403657024e-03
3.335135868550617201e-03
3.386966698687995415e-03
3.363155510148562767e-03
3.358255973033551830e-03
3.339735528088462642e-03
3.373141282238022089e-03
3.344433420840155213e-03
3.369749771764309152e-03
3.334486473950657587e-03
3.350997911419782184e-03
3.372004741116632533e-03
3.369518861892233097e-03
3.359263942393540293e-03
3.376881367194143561e-03
3.372580028774226080e-03
3.363354383821804024e-03
3.374087486457077317e-03
3.348304628234801718e-03
3.390813359506837828e-03
3.357950506926500513e-03
3.388406008243438541e-03
3.359115460750332176e-03
3.338112837458229783e-03
3.366753221872722558e-03
3.373655645336080724e-03
3.361093166269595641e-03
3.378084423318469635e-03
3.359326928194981965e-03
3.355460345113990550e-03
3.360179504387495776e-03
3.364477798244384921e-03
3.375284195697400656e-03
3.351492301262019857e-03
3.363031129785197613e-03
3.378718473570178904e-03
3.356170656626287531e-03
3.379146817930727027e-03
3.360905150663653397e-03
3.344199434382812662e-03
3.367259680970076385e-03
3.349720729694690563e-03
3.368279119765219508e-03
3.404592827061257709e-03
3.351924375611444774e-03
3.364643827541377065e-03
3.345757371333234979e-03
3.353088586082076696e-03
3.363143623155114611e-03
3.364452769877551881e-03
3.354624272840745717e-03
3.372069228228412405e-03
3.372510289358115164e-03
3.360502393736633595e-03
3.360635060099122998e-03
3.363279082947314650e-03
3.329859460164902394e-03
3.353493768358963185e-03
3.355718247410037491e-03
3.339183923709680701e-03
3.373548514467054112e-03
3.356442415338453580e-03
3.407225991064061384e-03
3.355974024366495216e-03
3.345387357065769760e-03
3.347678984771890100e-03
3.364485927133059086e-03
3.360762573627599191e-03
3.377823960113359759e-03
3.363527384497420718e-03
3.373852325225740970e-03
3.351309024143453528e-03
3.356100066333360995e-03
3.355934672722416055e-03
3.374113977402800387e-03
3.369728974074822324e-03
3.364988082951783643e-03
3.364742311099638665e-03
3.368599589805540244e-03
3.380595155227702348e-03
3.341028092617325494e-03
3.358250149783308276e-03
3.366048996605384112e-03
3.347699359214948572e-03
3.368914355301203152e-03
3.368169258474777890e-03
3.368744158289028491e-03
3.350048829632788251e-03
3.379698261356767382e-03
3.349191252496447422e-03
3.353213295307519611e-03
3.382798651730832724e-03
3.355431755306120898e-03
3.384263020853366111e-03
3.348736817283225198e-03
3.386564533209061000e-03
3.370591452293821792e-03
3.352027626606086073e-03
3.358706950223024762e-03
3.369303059322537042e-03
3.379560799090363526e-03
3.377288684255603558e-03
3.362070236953813331e-03
3.372721553421538596e-03
3.374134123661187180e-03
3.340989746336280042e-03
3.351563165502573129e-03
3.360260541342062653e-03
3.332893311288270734e-03
3.376611002958887324e-03
3.360180002307242009e-03
3.352664742041177627e-03
3.319828847034728744e-03
3.348263975224193695e-03
3.355972975875019283e-03
3.366276462060239540e-03
3.343419258846349554e-03
3.356154601639176061e-03
3.384112416818043506e-03
3.362928301514244399e-03
3.351868387375311117e-03
3.344000443303792730e-03
3.380247504966654715e-03
3.352540308996510877e-03
3.368179453670138573e-03
3.363801129303275149e-03
3.370290946626520838e-03
3.355489565913550958e-03
3.367447734161089536e-03
3.347125317044224915e-03
3.345160300751999494e-03
3.346316259527964444e-03
3.362524694370989074e-03
3.349911530146556550e-03
3.341056907079775675e-03
3.350669411713696252e-03
3.356121875079964324e-03
3.355052840276366577e-03
3.344236466153909740e-03
3.342615081294331679e-03
3.366056499452595684e-03
3.372307513860473872e-03
3.351124912571336236e-03
3.365034711976701374e-03
3.382635431790158905e-03
3.360407534524294335e-03
3.359292022743650546e-03
3.344016829439207857e-03
3.359855866603791898e-03
3.349044141792504627e-03
3.364872975928244556e-03
3.382813811501483772e-03
3.345416440428779312e-03
3.370769539966091827e-03
3.367337158381771001e-03
3.366119007981825586e-03
3.370464295330077333e-03
3.361980751808714332e-03
3.356221796849513835e-03
3.379301482631907015e-03
3.369327902052829220e-03
3.360479364322244231e-03
3.372125032173851379e-03
3.377768358197153105e-03
3.381647499119930060e-03
3.355828622484371276e-03
3.342203610269277141e-03
3.388285802888674810e-03
3.371290796510090400e-03
3.349017251794744916e-03
3.349032562825183211e-03
3.368479906950670559e-03
3.346455741469539329e-03
3.370676791777764414e-03
3.335961397948804252e-03
3.348675206897566529e-03
3.383475898521460298e-03
3.374076081154282671e-03
3.374526459384913878e-03
3.349817337540933297e-03
3.356182125776771465e-03
3.341068642454653268e-03
3.362480369485536073e-03
3.356668594039540800e-03
3.389406725352651830e-03
3.361209533808479175e-03
3.356634015220738565e-03
3.389699190260738512e-03
3.376492239499072952e-03
3.361199299534807592e-03
3.366108029559704111e-03
3.372103068820983627e-03
3.362007337243135083e-03
3.365029395672256094e-03
3.358053053174770743e-03
3.358085352012523533e-03
3.368257960448797252e-03
3.373929510113374188e-03
3.353200659728703716e-03
3.339213854284955006e-03
3.349358978355965015e-03
3.379267252053822727e-03
3.363319527852241114e-03
3.344582155323441632e-03
3.353000416653291373e-03
3.338600339304339994e-03
3.369994357270064515e-03
3.367565982082955205e-03
3.357661004889981281e-03
3.362625650395854090e-03
3.378970529643384076e-03
3.362877041172325325e-03
3.368392996549446263e-03
3.368214909285121607e-03
3.363672802112290493e-03
3.366533800210675612e-03
3.348929247194229551e-03
3.361148778074967737e-03
3.354592218469802135e-03
3.350379672763238899e-03
3.349798669793349441e-03
3.338929130192674379e-03
3.388865972339759509e-03
3.365338789832335222e-03
3.348187766246680554e-03
3.355701680362384483e-03
3.346264930771571632e-03
3.366425350177532083e-03
3.364381764303162048e-03
3.345345257246882219e-03
3.345224611953490860e-03
3.376769320737869375e-03
3.356053364171769030e-03
3.370684892252862833e-03
3.367829356383685718e-03
3.364936764592461188e-03
3.332614366693372084e-03
3.355213282113024033e-03
3.351581256568187013e-03
3.358844182638218937e-03
3.350828070975168157e-03
3.367009571425817055e-03
3.378847061146600297e-03
3.343852878085273785e-03
3.378708586909307844e-03
3.351697811118401014e-03
3.383955474197877268e-03
3.358495817382982449e-03
3.348893225360214353e-03
3.355527518565155302e-03
3.351819652700977707e-03
3.362697476693691460e-03
3.330906067631413722e-03
3.337333609081229082e-03
3.367887203604222422e-03
3.356690701305270648e-03
3.362752535114332288e-03
3.347873782946438059e-03
3.383522435186735091e-03
3.350683709965494080e-03
3.394797030049759301e-03
3.363854183187645931e-03
3.366892875188602814e-03
3.374662160137990169e-03
3.361185495312381862e-03
3.381387913373282844e-03
3.348530433190581666e-03
3.359331021128551288e-03
3.358876412656902795e-03
3.382089015247259634e-03
3.379860393563911217e-03
3.382539763833910564e-03
3.378353207691939340e-03
3.339608371986873582e-03
3.341518343756192701e-03
3.355434169367276735e-03
3.366723221802894912e-03
3.379363534757147229e-03
3.375036281637894958e-03
3.352182814294172447e-03
3.358076498691582590e-03
3.343100941195697225e-03
3.352325061808888486e-03
3.355859169391605008e-03
3.328523050054694229e-03
3.363151627563998151e-03
3.354832624069146920e-03
3.368191320068458696e-03
3.348511344598524390e-03
3.370726820758345073e-03
3.362634408787644989e-03
3.377792915400544549e-03
3.365345895464352029e-03
3.343966410343598376e-03
3.369745086678930471e-03
3.360489686430833539e-03
3.349610307552383561e-03
3.375564863340697278e-03
3.356148206762903010e-03
3.355411380921414187e-03
3.364420846856514078e-03
3.345088101248565923e-03
3.367454329599137673e-03
3.337086655756132079e-03
3.357087204001289737e-03
3.351587101822654097e-03
3.339953599594683905e-03
3.365103006829519953e-03
3.350774048681194432e-03
3.332949547216952722e-03
3.351573720097604427e-03
3.327058526488485546e-03
3.357540068985745505e-03
3.382114094924190770e-03
3.349855119561818886e-03
3.372586964978318939e-03
3.375041152209707577e-03
3.348516337601060121e-03
3.361215981613657842e-03
3.347185904384417966e-03
3.357163053456090930e-03
3.341051229976855965e-03
3.344692447268195375e-03
3.344482600998217956e-03
3.358966045184634368e-03
3.353700405753489659e-03
3.381355542346863551e-03
3.351115700248397025e-03
3.346273992972643215e-03
3.356718618484333914e-03
3.365759633826959085e-03
3.335403998540952854e-03
3.380335380383073067e-03
3.367191363298652727e-03
3.357267060473979707e-03
3.359551116808508296e-03
3.357637022358339694e-03
3.367841737977160608e-03
3.369922654708629346e-03
3.362404493991591383e-03
3.351984607737128977e-03
3.369111051137339743e-03
3.378738222257655043e-03
3.354195250274067015e-03
3.344715615701474888e-03
3.341183393636515484e-03
3.355017968487438752e-03
3.364824795953818247e-03
3.352122030706635499e-03
3.346927535366091278e-03
3.375300439505812735e-03
3.369041768036164751e-03
3.361772359350991522e-03
3.382888779925537041e-03
3.361799547722160546e-03
3.377776637108456572e-03
3.364453496445111470e-03
3.362632924036387284e-03
3.360691852662393234e-03
3.345774979108516629e-03
3.360845984769213982e-03
3.358170265164598343e-03
3.360801629610631926e-03
3.377241864743082272e-03
3.377077729071896635e-03
3.359300079752383476e-03
3.361181274208680479e-03
3.338955812376429803e-03
3.354913337003643907e-03
3.343616462875909686e-03
3.381453089047462088e-03
3.349884635981246420e-03
3.383336422820769959e-03
3.370745135619216456e-03
3.348575926546194272e-03
3.345227153403746399e-03
3.355629892183750219e-03
3.370164861186977778e-03
3.360475361017902559e-03
3.356266851342775033e-03
3.358677668058426737e-03
3.349134864319582190e-03
3.364593082711536762e-03
3.353806020761548705e-03
3.374566411702601548e-03
3.356614189521319597e-03
3.366784498375381164e-03
3.361413425073103180e-03
3.372352240088372262e-03
3.376870127345343170e-03
3.349062259175537241e-03
3.383841843583620772e-03
3.379002825475854212e-03
3.359430465675602301e-03
3.370274126545194822e-03
3.375868929348727933e-03
3.364088465284727301e-03
3.354303719397946047e-03
3.357372472886266564e-03
3.356498281324961884e-03
3.356492666124143241e-03
3.365197402518060876e-03
3.350621078651741611e-03
3.349446196428385557e-03
3.369692984346807276e-03
3.334756947245377107e-03
3.363583335455696925e-03
3.345436745325262688e-03
3.354515909604220691e-03
3.381024125262355878e-03
3.347214571375291096e-03
3.341024778105004204e-03
3.375573647273913489e-03
3.342129418213471339e-03
3.375272314433992640e-03
3.364320969092865488e-03
3.367585372532040135e-03
3.380437564232574750e-03
3.364101023699253481e-03
3.356831098219029922e-03
3.392465259225757070e-03
3.350865028424973059e-03
3.354115541045776284e-03
3.369971441734028079e-03
3.359123063842274666e-03
3.349821305774324486e-03
3.372228571686080971e-03
3.337661053962688498e-03
3.360643030140142949e-03
3.366148003106558644e-03
3.348116539585552394e-03
3.366155406029702930e-03
3.361631569426316336e-03
3.339799519539457529e-03
3.351297761948009071e-03
3.388814028863157499e-03
3.341828202263451893e-03
3.352562176023835602e-03
3.334469629907484307e-03
3.348657666617603675e-03
3.352502300466152219e-03
3.337005553242637559e-03
3.340563133935273848e-03
3.339296191675515148e-03
3.365084131690064626e-03
3.356407150432566631e-03
3.361954425762342380e-03
3.365142166302987660e-03
3.367181753983351788e-03
3.350966998144268121e-03
3.337566821196470777e-03
3.358586197289691738e-03
3.351894773366553316e-03
3.368902532145968791e-03
3.329197224375170239e-03
3.345375415137987613e-03
3.337615533004835520e-03
3.346174664859482509e-03
3.364338291418702241e-03
3.358250159926559099e-03
3.385645881573042491e-03
3.341132796255946724e-03
3.345241706297880958e-03
3.339256904684122836e-03
3.351456008089197334e-03
3.375914856785685626e-03
3.351280815927634802e-03
3.354356532443198650e-03
3.352535685591662238e-03
3.346672216171470236e-03
3.342721020719702316e-03
3.344274229452887191e-03
3.352207750369578382e-03
3.353391788250888877e-03
3.367226621035389420e-03
3.326950873661478625e-03
3.364845031445951734e-03
3.353500465629763623e-03
3.358627894495677495e-03
3.367477730109709466e-03
3.351107858153035048e-03
3.385711438998417061e-03
3.346779374970462913e-03
3.353722497183387295e-03
3.377896289165818050e-03
3.351760119088682127e-03
3.351202346970059195e-03
3.344967244692523961e-03
3.348921451712460334e-03
3.343471911370161833e-03
3.346177345083899916e-03
3.342479338720394377e-03
3.349303743251535927e-03
3.363655600281151292e-03
3.360768884475480358e-03
3.364681452611034164e-03
3.359557422738823542e-03
3.371759905602259629e-03
3.330701161243248935e-03
3.350984494630985903e-03
3.351209450052234588e-03
3.333344131594496822e-03
3.372686910694130090e-03
3.335741750492770934e-03
3.362454276613826426e-03
3.354314262137672413e-03
3.358036645250779464e-03
3.363442806145939407e-03
3.354849101118095259e-03
3.352332667231631893e-03
3.345444939396664992e-03
3.353802513158328676e-03
3.340976992303532154e-03
3.353168928938338698e-03
3.379470259794342592e-03
3.367624790721076341e-03
3.368852048185657592e-03
3.353607501329209685e-03
3.377103017439909115e-03
3.366945219253936281e-03
3.346813768204019626e-03
3.364488878182107009e-03
3.368507148229257179e-03
3.355365992021045081e-03
3.342890555192207149e-03
3.364403505616808589e-03
3.353832728462288922e-03
3.332146095070839895e-03
3.352059761956057392e-03
3.350442088900991520e-03
3.358324257623277083e-03
3.371195336856795070e-03
3.352644562639550078e-03
3.354226072993660678e-03
3.355367724850952856e-03
3.358700575647376174e-03
3.375343293095113550e-03
3.341244938538371310e-03
3.353193157390027632e-03
3.348836889999123878e-03
3.374723911501629429e-03
3.371907231989770218e-03
3.352780373639883439e-03
3.369778047675445979e-03
3.363434513334909084e-03
3.339539744045767582e-03
3.360990809286201753e-03
3.357413216733735190e-03
3.361546883434921550e-03
3.341052046037225418e-03
3.379405601715115056e-03
3.363455555907204821e-03
3.358695824802123385e-03
3.367708880056941891e-03
3.343812204844535257e-03
3.363771323656922219e-03
3.351034300475464519e-03
3.370795263033008783e-03
3.367523273589490777e-03
3.363490897912283818e-03
3.348688858211278790e-03
3.376069041452044693e-03
3.341488502472000736e-03
3.353187394465863280e-03
3.349043352154101785e-03
3.342269397741141380e-03
3.360833877152242469e-03
3.362635079377691155e-03
3.355138355181163691e-03
3.354972479111540708e-03
3.356845152654898932e-03
3.349782253363609106e-03
3.365262577986719190e-03
3.347365216786733245e-03
3.349600622964625518e-03
3.350935346993499236e-03
3.355284628611501872e-03
3.357862550032693523e-03
3.367279679190290746e-03
3.353070664781164674e-03
3.380198181598546153e-03
3.361948767290631659e-03
3.360170317239678968e-03
3.351840857812689832e-03
3.362287130080048557e-03
3.348564040150540065e-03
3.366403531910616698e-03
3.371807103782859145e-03
3.366542161618332578e-03
3.363953706998331662e-03
3.373616603246089220e-03
3.349019363091070185e-03
3.350432771079921244e-03
3.365169997224319066e-03
3.349301518437555747e-03
3.379219664707753396e-03
3.361263561305141874e-03
3.373431076002708119e-03
3.359636384111899018e-03
3.349776487851413402e-03
3.382196310059700645e-03
3.354323490542204713e-03
3.354589155664001923e-03
3.353635491294356535e-03
3.371207046702710906e-03
3.344756592486552386e-03
3.360374928955544606e-03
3.354832933380322985e-03
3.359995021476573727e-03
3.376317452956062622e-03
3.352082058814141643e-03
3.325683038080794879e-03
3.364843600431902289e-03
3.336312568871207217e-03
3.365679834220786093e-03
3.354546409680030268e-03
3.368766894566963075e-03
3.348578820413517561e-03
3.353039151006120301e-03
3.332487124476422088e-03
3.359660483143236780e-03
3.347785927316848566e-03
3.353217184094015122e-03
3.341439998712542655e-03
3.343332585878119965e-03
3.359823150250245034e-03
3.375704030313914777e-03
3.347717310534578140e-03
3.372787471983193335e-03
3.348183794092844667e-03
3.369279423903945997e-03
3.369560212856651752e-03
3.339356017265619845e-03
3.348553627043246526e-03
3.355529404013520879e-03
3.332654980121372516e-03
3.348156406090951800e-03
3.363285061329075645e-03
3.377517598755029084e-03
3.337672442375446465e-03
3.347241372056960259e-03
3.348963685330687105e-03
3.349278684397370611e-03
3.342946785894100516e-03
3.376999324730326716e-03
3.359578568541321444e-03
3.337297720130488147e-03
3.336901827131374433e-03
3.347274294379884527e-03
3.345656210325974322e-03
3.357194678459094438e-03
3.357032414935146817e-03
3.364653266389477319e-03
3.361167876319662209e-03
3.348465296184678468e-03
3.328401483123327731e-03
3.345360146067352571e-03
3.334435041345570373e-03
3.360018887617849219e-03
3.352488498773691875e-03
3.355161072426415727e-03
3.345608639841160439e-03
3.371844972995680697e-03
3.350992919415471394e-03
3.347776639424513562e-03
3.343545448133715316e-03
3.348082041626875612e-03
3.364250661392296886e-03
3.355209349136870078e-03
3.348678230674741792e-03
3.345161084924665965e-03
3.351954239963149916e-03
3.365415430515352607e-03
3.360946126877829929e-03
3.370137984111713173e-03
3.362664423097501496e-03
3.356545269840204709e-03
3.351017378656219632e-03
3.347718051103670735e-03
3.352698767954018829e-03
3.334288563814769533e-03
3.336315026627658699e-03
3.357745865305365209e-03
3.341218031589226426e-03
3.338272129448695454e-03
3.333638373213605732e-03
3.356068284266237097e-03
3.339973737516417716e-03
3.364755777721749504e-03
3.349378479436605945e-03
3.339811288870945215e-03
3.357014501903687193e-03
3.359801269000264705e-03
3.351525930794634241e-03
3.377474569280470521e-03
3.352297194374294180e-03
3.336575866292849132e-03
3.360832963242616107e-03
3.344781191125759980e-03
3.338237874267165149e-03
3.353997289396754011e-03
3.354984207070631132e-03
3.344779484181756302e-03
3.373327211555096541e-03
3.367547485550357548e-03
3.364181859423236078e-03
3.351768456932563596e-03
3.339149915826252098e-03
3.349037121964428161e-03
3.334340380594769115e-03
3.355512292816483465e-03
3.336212843989406866e-03
3.357696035107494460e-03
3.354865618960205850e-03
3.342740470006248625e-03
3.336340674643677867e-03
3.344151772422484983e-03
3.346124655534805058e-03
3.320756935868291078e-03
3.349889867461580857e-03
3.332177214807736237e-03
3.340560144057091140e-03
3.331423243360464616e-03
3.329091264480555680e-03
3.338815311566634657e-03
3.342311137394267558e-03
3.331687376987122785e-03
3.353552869809516609e-03
3.317324084854686612e-03
3.356432619908447830e-03
3.319630035299107017e-03
3.346976058310005466e-03
3.320181868150472691e-03
3.350425146876030193e-03
3.340196636750949414e-03
3.335555804973759555e-03
3.349766201288164637e-03
3.319810551231736767e-03
3.346630401016575159e-03
3.340099047640004808e-03
3.339612578271855363e-03
3.334537054936680903e-03
3.361720759514648556e-03
3.352138966315460107e-03
3.359036559536249938e-03
3.315438832082663601e-03
3.339126840552709887e-03
3.330503604214691583e-03
3.326617426398398390e-03
3.341287655783659657e-03
3.351375520042271152e-03
3.333525438883813783e-03
3.337734400465090095e-03
3.354669209740249267e-03
3.330729104232559804e-03
3.342581722023454764e-03
3.343496633354561993e-03
3.312426490843797290e-03
3.329608485292350102e-03
3.314716922020707283e-03
3.329488681892591676e-03
3.323222421236678159e-03
3.340847148997472867e-03
3.339949860805985129e-03
3.342589122102774916e-03
3.329683601897636715e-03
3.345201909109241784e-03
3.323718355253330037e-03
3.315075182517936321e-03
3.329744952729907052e-03
3.355839958438082589e-03
3.334762117579826747e-03
3.329836180734777051e-03
3.348750913874110231e-03
3.327351870350181342e-03
3.324525522986369972e-03
3.349583311624971214e-03
3.342304078267861744e-03
3.330944031762706793e-03
3.347126846142287927e-03
3.338361338383328495e-03
3.348606959198945163e-03
3.332577414258739486e-03
3.323332101709215725e-03
3.343083924257817148e-03
3.313906413990706009e-03
3.321881079023986192e-03
3.336843333701173392e-03
3.333506628004851650e-03
3.311134508655209831e-03
3.351472040372009860e-03
3.341546904905570541e-03
3.336667546379137005e-03
3.336296867629856729e-03
3.337400799570557249e-03
3.319981193274695788e-03
3.354294711088087570e-03
3.328716464350372183e-03
3.362010417646727443e-03
3.336088680101726746e-03
3.333078553204903930e-03
3.325364737254215934e-03
3.341618650983548509e-03
3.322226405103827825e-03
3.344341897136064896e-03
3.314955371157902227e-03
3.320296992889752545e-03
3.330587050837675953e-03
3.321559321739693017e-03
3.329680612160166534e-03
3.332525372421883507e-03
3.330875871401518286e-03
3.334219156366092195e-03
3.320400068358329241e-03
3.342508430885750368e-03
3.323511641513331085e-03
3.339843503123995916e-03
3.345200250322304114e-03
3.332959768303576931e-03
3.336913778146696763e-03
3.320889441635247082e-03
3.320736662925076292e-03
3.323715490966654140e-03
3.321578325859647803e-03
3.330641444132437061e-03
3.326786404938028401e-03
3.339308408294225285e-03
3.335765913304919623e-03
3.332953101477451920e-03
3.341536742325907326e-03
3.339790107545626083e-03
3.316987139743736955e-03
3.343755083003890124e-03
3.329738440505505825e-03
3.332505098127881184e-03
3.333060233416266453e-03
3.333586701937984228e-03
3.323852030321737712e-03
3.314102061623242727e-03
3.326611392196019736e-03
3.345536547267891677e-03
3.323378476301636682e-03
3.348025377307688698e-03
3.310887615697978049e-03
3.324165730762324803e-03
3.334683540027064044e-03
3.334250083436620000e-03
3.317648787956100406e-03
3.352138430466352400e-03
3.330650386326373339e-03
3.306988159317093227e-03
3.331155594603855442e-03
3.320360181853830670e-03
3.327931942509277340e-03
3.317613926728225915e-03
3.339786580829611808e-03
3.324907999817770885e-03
3.324354991224695490e-03
3.317544837950599929e-03
3.321079562421017962e-03
3.312356916720581197e-03
3.323903908937394548e-03
3.337202301063449394e-03
3.312905989424047570e-03
3.332523059693197429e-03
3.299831546226197985e-03
3.314071719575041076e-03
3.323993284037553373e-03
3.319307763327144188e-03
3.308233112546066050e-03
3.307209331182132256e-03
3.321405927953784056e-03
3.334314276503074024e-03
3.313463853604693005e-03
3.328140773793617120e-03
3.333122857494710649e-03
3.316148558682173540e-03
3.318975633054828227e-03
3.316378007661821732e-03
3.326038934446173996e-03
3.302016307721189307e-03
3.303573630508171901e-03
3.310046310288979055e-03
3.314643777630704117e-03
3.301742483613118173e-03
3.305398586161860559e-03
3.316715797270666181e-03
3.311600250940283791e-03
3.311397149491237309e-03
3.312204526624520917e-03
3.303785874316769212e-03
3.298023497278813367e-03
3.323757040824952026e-03
3.307574397522196341e-03
3.307966298302810696e-03
3.317696268673451295e-03
3.306778096636305096e-03
3.314394976917468816e-03
3.328042349035501696e-03
3.305191345756470188e-03
3.315446014561156639e-03
3.315147652010593145e-03
3.291864858885410090e-03
3.304591164777283784e-03
3.307056266634877863e-03
3.321676573114822062e-03
3.300818991791914288e-03
3.314456009611101758e-03
3.279741069124216847e-03
3.323933369245913629e-03
3.302482030313636831e-03
3.339115194452549253e-03
3.310873810053084707e-03
3.315537416667016339e-03
3.317656724129452138e-03
3.310869407121985134e-03
3.301172512593959687e-03
3.297179416952173651e-03
3.320579849659386403e-03
3.302940671039790443e-03
3.297551429735466090e-03
3.306276322083978765e-03
3.312445468757952392e-03
3.320173208454019718e-03
3.329240465859520468e-03
3.296907563697213002e-03
3.291426529519617030e-03
3.304626701287578100e-03
3.297806093275219928e-03
3.304306215282630608e-03
3.310706076993326277e-03
3.297286263339966987e-03
3.323561463964158809e-03
3.309585489351392178e-03
3.299891623670567990e-03
3.277134885615284789e-03
3.294147420918582848e-03
3.293746597196403614e-03
3.290201279480529407e-03
3.287114647397333059e-03
3.306549231546784991e-03
3.270129483483141201e-03
3.312113230645999905e-03
3.307536854652642303e-03
3.275544909122267943e-03
3.306804090279681727e-03
3.315321093875662432e-03
3.294032401482954210e-03
3.317188598552263303e-03
3.310474468202596367e-03
3.314316328867809164e-03
3.293435630553277933e-03
3.289964755694366715e-03
3.297962422438955547e-03
3.293322208653039727e-03
3.300360690231112729e-03
3.307983837308459997e-03
3.294372571987324964e-03
3.276894406368559276e-03
3.315493420876364228e-03
3.301231072938056593e-03
3.300313163998778998e-03
3.305467846948082714e-03
3.301981814570461270e-03
3.293549033004544626e-03
3.272470565328545241e-03
3.297523981225734899e-03
3.315290204402758425e-03
3.290332878410508807e-03
3.293698524976153980e-03
3.300800730378375403e-03
3.309847641938438913e-03
3.269126370442110817e-03
3.294286852801375093e-03
3.302410982242057202e-03
3.294317958324677158e-03
3.282861759006807691e-03
3.296731167578384556e-03
3.318927153623101815e-03
3.291096224284055603e-03
3.284793953487012697e-03
3.285349963834375935e-03
3.293527282469015278e-03
3.278686017863863440e-03
3.291627138283784258e-03
3.278325704852089791e-03
3.291968618389736704e-03
3.270004865112159827e-03
3.293134560541754151e-03
3.282945528749795037e-03
3.283726277308202275e-03
3.284831663514398148e-03
3.289711875202064317e-03
3.292707406764720617e-03
3.285951060389603103e-03
3.297028262921789833e-03
3.291324272758198392e-03
3.307878387923354670e-03
3.292773625217119103e-03
3.276660895523432569e-03
3.286879738904031206e-03
3.304134530218781444e-03
3.289857199288224142e-03
3.277672061519265080e-03
3.288210468820937978e-03
3.260736463044602851e-03
3.277725111149940810e-03
3.283421646563033057e-03
3.273645551012573183e-03
3.284319584607048488e-03
3.285339553111156670e-03
3.285340888843062829e-03
3.304595082925581347e-03
3.282559804797442228e-03
3.278124839751051563e-03
3.280238667574343018e-03
3.281293630949603558e-03
3.289040817883968036e-03
3.269149785135652079e-03
3.273264485707920619e-03
3.289547952672272103e-03
3.268355769954246759e-03
3.276527051882394646e-03
3.265928046973866176e-03
3.267647476873524002e-03
3.266518042343279863e-03
3.272171684903978951e-03
3.277408808225518947e-03
3.251665677265778986e-03
3.274395291161124547e-03
3.271856694834103518e-03
3.260382288455188592e-03
3.264696273982895490e-03
3.290700899949394222e-03
3.266205986671810117e-03
3.291154488822229350e-03
3.264578864149249304e-03
3.247554748558969303e-03
3.270821504239198284e-03
3.280281931925729637e-03
3.259920807550795684e-03
3.267651088155425123e-03
3.274531022891881329e-03
3.290218645285795419e-03
3.251979294465673527e-03
3.309476415324220325e-03
3.268584138080657311e-03
3.282252854336616035e-03
3.275307025779363758e-03
3.264382076709566784e-03
3.257894701936815858e-03
3.261145217724365462e-03
3.258908538277081792e-03
3.282316650011401875e-03
3.261459887496761384e-03
3.280487660762666270e-03
3.260167083482431918e-03
3.265336096290383412e-03
3.275399773709321456e-03
3.255899755042514221e-03
3.271188159771397461e-03
3.273097243452386708e-03
3.246426338469802272e-03
3.273507387022873104e-03
3.265480793526017757e-03
3.260898578048675688e-03
3.253654018661319806e-03
3.275087832771336575e-03
3.289358963165068574e-03
3.262069136621530748e-03
3.278161447368486362e-03
3.256865213797530741e-03
3.267875186635255808e-03
3.289948114940651619e-03
3.271827908646408271e-03
3.273540501298576565e-03
3.255889434984855953e-03
3.269358299339939541e-03
3.256593476460306440e-03
3.272397979748034678e-03
3.269276728039007766e-03
3.252398418460820343e-03
3.256879615332444571e-03
3.269546403737329937e-03
3.255301721290679469e-03
3.260493842839275094e-03
3.256246967174226958e-03
3.270507711186140982e-03
3.246558242773928214e-03
3.261598361675771465e-03
3.236099039701137436e-03
3.260914988905253865e-03
3.253891177859614264e-03
3.261759227966469412e-03
3.255186940728631902e-03
3.266672792641640236e-03
3.267628039265461394e-03
3.276065943653835074e-03
3.252778662637365557e-03
3.260667020919310634e-03
3.238469580396591361e-03
3.249152596041123518e-03
3.264456859779569370e-03
3.266781132569352483e-03
3.264230814916836178e-03
3.251631318708929526e-03
3.254110973765519336e-03
3.254690434399807979e-03
3.264648343515989294e-03
3.249512901247024466e-03
3.250699215975073886e-03
3.251607451455174568e-03
3.257090107849647427e-03
3.240391811521323249e-03
3.266010543804666409e-03
3.245494956542961835e-03
3.249154718752496514e-03
3.247762022683614493e-03
3.248912288839808041e-03
3.252124709670880989e-03
3.241371389238170610e-03
3.250495048692563817e-03
3.246497511227147519e-03
3.254168627302682880e-03
3.236419741771638832e-03
3.252575654646994770e-03
3.247541342566651751e-03
3.252166323389932799e-03
3.260985155182794665e-03
3.244382194889498285e-03
3.261842309551806103e-03
3.245333767715791965e-03
3.255639087546580070e-03
3.240583696691189119e-03
3.234324570123088723e-03
3.234888008088617015e-03
3.237257160219229706e-03
3.250105449059175790e-03
3.239328605551187405e-03
3.224664134945214207e-03
3.231981774298798345e-03
3.250295412440496086e-03
3.244093187727648507e-03
3.245847584664750263e-03
3.229581094532767063e-03
3.244412224289150524e-03
3.250763630774659765e-03
3.247615392276634923e-03
3.242094230183729334e-03
3.243587481371539884e-03
3.234349166547394877e-03
3.254198929743608304e-03
3.240047080001483108e-03
3.233936530754291834e-03
3.238341906340508336e-03
3.238476564699590589e-03
3.242001084737653523e-03
3.248475703993891628e-03
3.247290636670218614e-03
3.232525603476169192e-03
3.233372798973316309e-03
3.230229937776351624e-03
3.242212834983571827e-03
3.239632153440311774e-03
3.237101591730390856e-03
3.240617283409363142e-03
3.252901591920723257e-03
3.244139231200573927e-03
3.238961656668640741e-03
3.235622563277469436e-03
3.229287007967890193e-03
3.233251548136533478e-03
3.226986408530307937e-03
3.234528822050716963e-03
3.241229048224161195e-03
3.218087039947902742e-03
3.236799553345960038e-03
3.236065775487969622e-03
3.238626951398893786e-03
3.257610134671086975e-03
3.219143442420542740e-03
3.237206391490182137e-03
3.242318847712963303e-03
3.223728040822243512e-03
3.241958360143256009e-03
3.232057790283114542e-03
3.230025929163667098e-03
3.237980705928773014e-03
3.226742073799312473e-03
3.230946481033452385e-03
3.249197962990348597e-03
3.236846570546888201e-03
3.226426299092965359e-03
3.225279556289531533e-03
3.232182793420407176e-03
3.209957824828818355e-03
3.224167722470412060e-03
3.238240554472048005e-03
3.213839222586088035e-03
3.232560951809613971e-03
3.246368772376197198e-03
3.251717186354192816e-03
3.221778142607980341e-03
3.223105033469018336e-03
3.225946690311154962e-03
3.217569803248371448e-03
3.215645342565592694e-03
3.214454521043834216e-03
3.235011071586379496e-03
3.227003722670281679e-03
3.232692596702089333e-03
3.212949851211550998e-03
3.220873384940173452e-03
3.213996454488514311e-03
3.217550934980909112e-03
3.205992463596386063e-03
3.239110866818822789e-03
3.210010772857145589e-03
3.219040222297080318e-03
3.232426374143002219e-03
3.218336233767798114e-03
3.229373456351552259e-03
3.227149020511486943e-03
3.221637395103798922e-03
3.221175802741067795e-03
3.209010226424897048e-03
3.218855115235866923e-03
3.224542393552639642e-03
3.216576829277701700e-03
3.225321103116043225e-03
3.220863007732974875e-03
3.220739418909800318e-03
3.224398769413812892e-03
3.219862645237374366e-03
3.211865438319829597e-03
3.210445727793529574e-03
3.200956653888331529e-03
3.209037980997561483e-03
3.214080308994828657e-03
3.227607961410008421e-03
3.228820466838364708e-03
3.224224921377301205e-03
3.213606072995836734e-03
3.219527300851023153e-03
3.212857399428387020e-03
3.216784632390955884e-03
3.218250136099149068e-03
3.214092567136388190e-03
3.195811840377206416e-03
3.205700034665181879e-03
3.227089191083114868e-03
3.221157721631967390e-03
3.214378950105428734e-03
3.199136156581548936e-03
3.208939876905432444e-03
3.211312055614016885e-03
3.227141759754962279e-03
3.208524179868340633e-03
3.206875365860385914e-03
3.209490920474822404e-03
3.209044163153444620e-03
3.187606815197183141e-03
3.219047400639803071e-03
3.211166792585210678e-03
3.199791811725494119e-03
3.203048787607488783e-03
3.217966523856021551e-03
3.217607716523019669e-03
3.208949447962702959e-03
3.207620616218249173e-03
3.215451451899124704e-03
3.214100624336686200e-03
3.200870706461251235e-03
3.207338557097490217e-03
3.216283196770710305e-03
3.190904949296225011e-03
3.195234257933112724e-03
3.188860184245235346e-03
3.200034696011737866e-03
3.203467116618215291e-03
3.202825281808015147e-03
3.200809925711248314e-03
3.192145329813923967e-03
3.198831801161315744e-03
3.210273566547623084e-03
3.210092948303040587e-03
3.217400288240254615e-03
3.208866499062944938e-03
3.195661087010771232e-03
3.209950091774215006e-03
3.188633779163418860e-03
3.218641769412287738e-03
3.210786093242078316e-03
3.193081072122272955e-03
3.200891718934809234e-03
3.195533604452814591e-03
3.209595463369147722e-03
3.207348290186240979e-03
3.197954318600564581e-03
3.199199854037896619e-03
3.207884004446421352e-03
3.201765966833533018e-03
3.190853307801078901e-03
3.197691258481920231e-03
3.200252796936206047e-03
3.189005746468837662e-03
3.191119593167012110e-03
3.200054268562069204e-03
3.213830291427707039e-03
3.190704771320210329e-03
3.185426542236077969e-03
3.199363742868237184e-03
3.205788978135728443e-03
3.170191543036160464e-03
3.195253071413534270e-03
3.189337906980169342e-03
3.189202335039391552e-03
3.193992290945526450e-03
3.206458030159292736e-03
3.204919723371130007e-03
3.205618157645837712e-03
3.198328150110953897e-03
3.182759160347543251e-03
3.197180314749914487e-03
3.197512357590737847e-03
3.199230788180702084e-03
3.189578302789415707e-03
3.187552243401523076e-03
3.182393440305387143e-03
3.201070308068287764e-03
3.188034748839018752e-03
3.192017757914160370e-03
3.186232678635000839e-03
3.197798494355912936e-03
3.186805979601792065e-03
3.192178396246444887e-03
3.194384807117557450e-03
3.184003811135959101e-03
3.202354104287209648e-03
3.192101889357268959e-03
3.194773381039074569e-03
3.198954646195922673e-03
3.193627315771158885e-03
3.203116722617914500e-03
3.198652283280946189e-03
3.186056254886895922e-03
3.201243600801902903e-03
3.187724343205227545e-03
3.197963786548114248e-03
3.178371646567079538e-03
3.198480022747501005e-03
3.183038343601325790e-03
3.184412371217717336e-03
3.186083000004024703e-03
3.180448703544966425e-03
3.193120238012229530e-03
3.187387107263223336e-03
3.184241218750554544e-03
3.189343768268384973e-03
3.186715104764940767e-03
3.181713322737289660e-03
3.176743104663574783e-03
3.190332453579988823e-03
3.185144588205959196e-03
3.166508696445309579e-03
3.192848487156935318e-03
3.179730049989829086e-03
3.193670950019017463e-03
3.188735904647843449e-03
3.199575838753493384e-03
3.168790512494868046e-03
3.182455257408947722e-03
3.176947590684328117e-03
3.177382210166714190e-03
3.187002460070293471e-03
3.183986892674450613e-03
3.177743102801486308e-03
3.181726609431507168e-03
3.190715613376160411e-03
3.190267746667845711e-03
3.174772325700579104e-03
3.171582579062403977e-03
3.165020817795877184e-03
3.180183567916728023e-03
3.174163059409842308e-03
3.158766412241070191e-03
3.179374093568926914e-03
3.181461516991251903e-03
3.187428530642170358e-03
3.166684434637589279e-03
3.175345859795998711e-03
3.171451602361048672e-03
3.163931789506947700e-03
3.166050028223054650e-03
3.156228301868062303e-03
3.174808063282774737e-03
3.182641530523910769e-03
3.171888536944612348e-03
3.191396478388346721e-03
3.163956052240652662e-03
3.174829487169601207e-03
3.175554485211837426e-03
3.176967530858742974e-03
3.165609698859297907e-03
3.178939603694067809e-03
3.168777306609609455e-03
3.165589206498166993e-03
3.166944474565226621e-03
3.175983429596612034e-03
3.184616402366284744e-03
3.178950472896438419e-03
3.170117630584752457e-03
3.174066540012706553e-03
3.169017768371450335e-03
3.164323502313278781e-03
3.175856477630343601e-03
3.199499362120254535e-03
3.181510641998971153e-03
3.165346556127261735e-03
3.174630686355044314e-03
3.163628590651472970e-03
3.180582081795312217e-03
3.168042089791956676e-03
3.166008341812394464e-03
3.177649805963309818e-03
3.171983905283041420e-03
3.160572953175803858e-03
3.161467049608371934e-03
3.152002914114886319e-03
3.165850415389388686e-03
3.156731836223011702e-03
3.177074861663194139e-03
3.181348222272262303e-03
3.166118013097840404e-03
3.175222144797643174e-03
3.163769550078146531e-03
3.162946060130312435e-03
3.160833144966199246e-03
3.135119822765284302e-03
3.137653018382700106e-03
3.145447544147850043e-03
3.168227440115897742e-03
3.152004042305099011e-03
3.162397281421037466e-03
3.182307981579915977e-03
3.170828812029067353e-03
3.161147085724215489e-03
3.158650207584374429e-03
3.143368427029630090e-03
3.164957413038649216e-03
3.179240884565257691e-03
3.161769227968421088e-03
3.174882480681444265e-03
3.165077938902873065e-03
3.158946548271311747e-03
3.175633326714571384e-03
3.146041187715498989e-03
3.155689151623242757e-03
3.153744166588721108e-03
3.154208314448034376e-03
3.163742372166680923e-03
3.149990800878645168e-03
3.158583130264762482e-03
3.164671482691451022e-03
3.150982945507032999e-03
3.159280883591825996e-03
3.151091792862911137e-03
3.162358685177267450e-03
3.161210625826016245e-03
3.155946242029748858e-03
3.154244038261295232e-03
3.162154690024170968e-03
3.138543336025330973e-03
3.160299922637329478e-03
3.150850273316151140e-03
3.167629704497875766e-03
3.154737485874998561e-03
3.151837347038085983e-03
3.135125165557907986e-03
3.162642473180257794e-03
3.155751783560907606e-03
3.150151776398320107e-03
3.159200847298000020e-03
3.158095485873952703e-03
3.148186809031850060e-03
3.147282830035857265e-03
3.140422031010513954e-03
3.151154221488550785e-03
3.156806607217327917e-03
3.164351890095058566e-03
3.148920697946267118e-03
3.138680720424653122e-03
3.145359297430266963e-03
3.159404330870229424e-03
3.147245978918165182e-03
3.151768751169319125e-03
3.160061752334744015e-03
3.165885959079964979e-03
3.154089022900778173e-03
3.154055313934901739e-03
3.143617727102618158e-03
3.162446433913051504e-03
3.148037296908687971e-03
3.148835080619852810e-03
3.152400467476113022e-03
3.156213860151368261e-03
3.150720754411478249e-03
3.153932222065575913e-03
3.157844052867291203e-03
3.145764550828934226e-03
3.146796901609841355e-03
3.162812173279951674e-03
3.145089831689022123e-03
3.129659839342809578e-03
3.147981847148807917e-03
3.152063788601543095e-03
3.154504017500947555e-03
3.135661610958825288e-03
3.147325305996447227e-03
3.155889149580115051e-03
3.137622508388444691e-03
3.142492651910842351e-03
3.151919217350673905e-03
3.143646949763192946e-03
3.138505180945098082e-03
3.144439361229314864e-03
3.136456984994438583e-03
3.132748180534011655e-03
3.137842322828405563e-03
3.134924553525381217e-03
3.134785042282804170e-03
3.139635680702221147e-03
3.137057649951516172e-03
3.155176448384860912e-03
3.135234329581974323e-03
3.138839310268944690e-03
3.132329322543262601e-03
3.141397064477194183e-03
3.137974898113215279e-03
3.147366111956436709e-03
3.130092227663245578e-03
3.145499725400091075e-03
3.145602606171203457e-03
3.139404491862776789e-03
3.137215439512678478e-03
3.126828314006815240e-03
3.113232828624646394e-03
3.144435430461329888e-03
3.145646969295107925e-03
3.156285262844670068e-03
3.142545548364278959e-03
3.139337015523387120e-03
3.129669296908007582e-03
3.147378164649594027e-03
3.140759464368232147e-03
3.126407144721657285e-03
3.137146054948446346e-03
3.143837475688450456e-03
3.139785976376829185e-03
3.133487437053431544e-03
3.117056076386409344e-03
3.128794728336766612e-03
3.123505838441851482e-03
3.137552458102369456e-03
3.139371266975524329e-03
3.124096726788734481e-03
3.119595711808057555e-03
3.149929422565182595e-03
3.141691963499067264e-03
3.132912963757253540e-03
3.137043773258557829e-03
3.126343884137034596e-03
3.127654461308173629e-03
3.127435358620660102e-03
3.133876507557939971e-03
3.146059674722543990e-03
3.128351515072991338e-03
3.143167239420256720e-03
3.136821080906336025e-03
3.136258614925558665e-03
3.136267899234314923e-03
3.139706851121480072e-03
3.130441662241787749e-03
3.131862165926610573e-03
3.127301255699586370e-03
3.127728679531306850e-03
3.133116351830635832e-03
3.148172662501605521e-03
3.116692142835401826e-03
3.136057209485296118e-03
3.118057637905815877e-03
3.121645146524406906e-03
3.131224507359964097e-03
3.126742659833035062e-03
3.131535866457411423e-03
3.134552605014104439e-03
3.133955440610248274e-03
3.145402650398652737e-03
3.130016214975502031e-03
3.127008783229284945e-03
3.151246596598653634e-03
3.133346798169538237e-03
3.121456992275877668e-03
3.133071308094991653e-03
3.128670741166664996e-03
3.127722136507361719e-03
3.138528136297659595e-03
3.128418333689791941e-03
3.122100335016825962e-03
3.111957404734498785e-03
3.135961907626674816e-03
3.127333688833006196e-03
3.119032558797715012e-03
3.122232643833953124e-03
3.125117357313329271e-03
3.143700887843782574e-03
3.118422036720128274e-03
3.111844425984528362e-03
3.115847336423372381e-03
3.103339826945486577e-03
3.131558205763181665e-03
3.141434018510795567e-03
3.116649451693600907e-03
3.125976118706341126e-03
3.143912738378573570e-03
3.144342973410834633e-03
3.129176438652046116e-03
3.138459264255596265e-03
3.136530683836830265e-03
3.135101164946726363e-03
3.111847635439103730e-03
3.125822058323656557e-03
3.133493141160846682e-03
3.126120035702668280e-03
3.131078993685725096e-03
3.128154327317151425e-03
3.135901660358696944e-03
3.135061827140146924e-03
3.133924674505116862e-03
3.130229634865889891e-03
3.124651885584508494e-03
3.124009465386631650e-03
3.130886291623426188e-03
3.127583878897757710e-03
3.127446894794883893e-03
3.131558133122323926e-03
3.126036450159306972e-03
3.146949531755297794e-03
3.138658227482445107e-03
3.145541666048719178e-03
3.134907852472049259e-03
3.133225276183153503e-03
3.129779404028423199e-03
3.136077405199426231e-03
3.129202420008871631e-03
3.148656314726384822e-03
3.146401540126132681e-03
3.134734568329663410e-03
3.150352586910205692e-03
3.144902314842625696e-03
3.165989232868693208e-03
3.150576419867019175e-03
3.167075864769418499e-03
3.176463975265184612e-03
3.178964302174221244e-03
3.184232523883336833e-03
3.212195663550290823e-03
3.217274307686347756e-03
3.262342658905559127e-03
3.265455370830190780e-03
3.359436234760873434e-03
3.362497969318078376e-03
