1.786106658770774658e+01
3.986926005301304476e-01
2.852736105055368385e-02
1.820455589495507953e-02
6.778936611526583875e-03
9.709675905158570569e-03
2.320310249704754177e-03
2.976869082038563052e-03
1.792987833769170468e-03
2.491166588659157830e-03
1.246007162384986031e-03
1.275133207382978754e-03
1.046287594632517833e-03
1.082287491329714463e-03
1.152133445734527476e-03
9.247796470058637381e-04
8.653600219659130519e-04
7.414519425338512732e-04
7.554280377265788510e-04
6.798684121570422500e-04
6.617446887162577694e-04
6.668340355750634494e-04
6.093953292712748398e-04
5.633259798708791432e-04
6.039259143200703412e-04
5.181689444376743909e-04
6.256452287785980396e-04
5.165767248404825934e-04
5.589502043104315355e-04
4.967853297024889649e-04
5.542378341518276481e-04
4.899631154142235863e-04
4.667890029407885692e-04
4.670037810128970022e-04
4.862479945358493807e-04
4.862493295707262454e-04
4.419741280509582176e-04
4.496380022818271052e-04
4.159929383620584770e-04
4.493545757221234114e-04
4.431091481756640289e-04
4.769627929163901443e-04
4.252606893851316669e-04
4.425292632604498348e-04
3.952498779592272067e-04
4.795715271098992196e-04
3.976242317510251222e-04
4.212295150589674968e-04
3.795529701785185913e-04
4.154533637606926642e-04
4.050655510904403430e-04
4.210768051651119295e-04
3.795590586357652048e-04
3.959996170237149596e-04
3.724190429903069251e-04
3.990039805229373543e-04
3.671882063926966704e-04
3.841716289857865152e-04
3.733278209071935793e-04
3.768644377446034527e-04
3.730674369551767238e-04
3.815457519179416002e-04
3.925554804517491841e-04
3.533340447023461698e-04
3.565155140179045320e-04
3.561271986181838308e-04
3.982365627949751197e-04
3.711858226007613837e-04
3.798937963726589152e-04
3.564708738696226674e-04
3.790590136509640437e-04
3.479792838822163962e-04
3.717294140649223281e-04
3.403729505264246327e-04
3.906317341741169622e-04
3.560722771444978642e-04
3.659110130049517302e-04
3.489065407857377607e-04
3.640348403739449164e-04
3.495312427087772685e-04
3.541190153459966247e-04
3.462079761677630649e-04
3.596252674624039226e-04
3.498488769553712106e-04
3.468904367318051602e-04
3.421807995513168987e-04
3.516439978987414032e-04
3.544203841589211841e-04
3.396538621643095993e-04
3.600011575077420763e-04
3.436203031970244464e-04
3.884290273575361353e-04
3.318390812928319008e-04
3.630634692457325517e-04
3.462229555374428240e-04
3.541489446480330125e-04
3.470623166333595922e-04
3.554873553853540456e-04
3.389807129581967225e-04
3.531360057286011753e-04
3.288689071570605801e-04
3.452496557333048412e-04
3.323472583953843346e-04
3.525591384057142545e-04
3.313883847706949664e-04
3.357821637036344882e-04
3.321695682877409727e-04
3.513720638619780121e-04
3.329330893930207013e-04
3.344977363714383327e-04
3.482076946125271192e-04
3.425677666882321086e-04
3.444064831318475258e-04
3.251089882847145408e-04
3.486271256709038671e-04
3.344498092357524733e-04
3.289535251312603005e-04
3.221990682604052047e-04
3.338848056173093575e-04
3.343158347749309429e-04
3.393736170489652731e-04
3.238741658383542622e-04
3.334537230072200055e-04
3.241936985324830140e-04
3.341641294410921436e-04
3.300751964895313919e-04
3.420451189906306851e-04
3.189715810260006202e-04
3.256137357637665778e-04
3.177961316526433408e-04
3.313618636640048567e-04
3.296222256425109789e-04
3.439323333357975762e-04
3.357249083811147125e-04
3.279853718621391560e-04
3.347317421457062219e-04
3.257426929761168778e-04
3.195728633571342744e-04
3.208607974350304579e-04
3.245241220413463469e-04
3.131821652925117854e-04
3.254381815327654333e-04
3.149604741009434878e-04
3.224209362705425606e-04
3.217330555101329394e-04
3.252342553354159883e-04
3.111648759493310860e-04
3.224890635701825603e-04
3.072358099400283979e-04
3.230997567785080554e-04
3.052763611561450248e-04
3.269228137015536720e-04
3.092950866407910169e-04
3.180923257836052961e-04
3.177516328460654421e-04
3.187475959626133817e-04
3.122203949077468461e-04
3.129292118204935846e-04
3.160350317949631388e-04
3.110037037661500829e-04
3.182500587997691551e-04
3.107486022407819973e-04
3.122767937232588881e-04
3.189521075388173201e-04
3.208456739446570753e-04
3.037420311794182255e-04
3.131593746098348800e-04
3.161247122874345306e-04
3.249011513432813842e-04
3.052109471867409194e-04
3.221875795028165393e-04
3.098572240883445852e-04
3.197111798960989692e-04
3.029535318205135827e-04
3.156191694848220659e-04
2.973060353720202026e-04
3.081259733319332487e-04
3.071803564981499530e-04
3.247664302444671562e-04
3.082946335895435418e-04
3.104165832704090669e-04
3.076501732700436280e-04
3.101843725853920333e-04
3.122929701856920221e-04
3.043921407865520217e-04
3.055390489413345088e-04
3.062472175048531553e-04
3.178196906534491457e-04
3.012722556194506263e-04
3.089256049915707712e-04
3.043426820619858099e-04
3.054043274034963008e-04
2.957108943273399669e-04
3.055114870343450463e-04
2.996890013337830290e-04
3.124772666880162040e-04
3.017386309936922095e-04
3.051878695164406781e-04
3.064001470259809833e-04
3.101811340672501168e-04
3.064550301979528275e-04
3.050761453946042247e-04
3.037818689392914355e-04
3.131891586475669389e-04
3.007424692651479003e-04
3.032036198238546127e-04
2.996552389545915906e-04
3.056141051856283873e-04
3.006094104527542716e-04
3.017013121033321416e-04
3.011113687996339093e-04
2.960353161349070375e-04
3.054662226997764858e-04
2.961714487057692845e-04
3.032103120823621692e-04
2.930295070268447064e-04
3.024117574524577863e-04
2.975728554176789277e-04
3.077301034479107021e-04
2.947858907875355221e-04
3.012905141817007540e-04
2.992978448963011062e-04
3.070654298801734250e-04
2.945435918758565691e-04
2.980705378207674106e-04
2.935758248590739149e-04
3.035713317854367823e-04
2.906101008512362274e-04
3.006984814335159507e-04
2.980442389872768215e-04
3.041857166530914191e-04
2.997021320364757178e-04
2.950740417935532518e-04
2.946705217630559608e-04
3.001777232342991595e-04
2.995795767336326522e-04
2.941176643627614628e-04
2.922037417542874349e-04
2.891906535401690182e-04
2.962838653622606858e-04
3.019050095182501648e-04
2.949155612421033878e-04
2.907979989270110697e-04
2.996896738333039434e-04
2.921289807028737873e-04
2.936082601412523963e-04
2.891123521484279912e-04
2.940715584801913704e-04
2.966342598132725057e-04
3.026847920780651423e-04
2.940621840221928742e-04
2.890978838037108127e-04
2.943701790070383747e-04
2.942416104497185968e-04
2.915957538343149193e-04
2.941131288153830915e-04
2.920479816025889027e-04
2.954186517266936454e-04
2.914882451096981208e-04
2.930795368730420799e-04
2.982958225079985213e-04
2.889063091433548107e-04
2.995813077737177429e-04
2.929253306233595058e-04
2.993760798163082001e-04
2.894684784207059115e-04
2.954611857654139114e-04
2.897072257362595963e-04
2.946421063129077119e-04
2.929005250833172308e-04
2.961421880305047929e-04
2.939013390888938490e-04
2.990876210653394202e-04
2.883814412357215058e-04
2.991802086947784370e-04
2.895482350782491708e-04
2.914713609924119223e-04
2.855176685382033097e-04
2.895658828312070473e-04
2.873578202945514890e-04
2.930954781984565255e-04
2.923736017057205821e-04
2.877368098489877001e-04
2.925219136317887270e-04
2.880737622019849766e-04
2.898805093058776463e-04
2.857063890190002188e-04
2.859008670636475620e-04
2.900178251629050171e-04
2.948081117211388781e-04
2.858741943021072076e-04
2.835222730194216596e-04
2.886383609548152690e-04
2.921617179431111946e-04
2.861541786363120668e-04
2.918083287783249406e-04
2.892304759435543370e-04
2.883839557585227468e-04
2.825253847403314954e-04
2.888043591516858575e-04
2.870095027831700944e-04
2.853500791114159559e-04
2.909314485051138770e-04
2.926867937362884024e-04
2.881873750317036874e-04
2.881706284324081361e-04
2.895415111425565422e-04
2.917596719975886475e-04
2.900254653480410956e-04
2.888468943877379081e-04
2.899065194796987717e-04
2.831161656826357742e-04
2.898171879818098534e-04
2.858826216210068371e-04
2.906323101724551895e-04
2.827508068851805937e-04
2.933784237588745163e-04
2.873626223245906680e-04
2.949308505941205258e-04
2.874038220957486124e-04
2.854748128280567318e-04
2.845265455274050481e-04
2.852586452782922104e-04
2.834444854979930369e-04
2.895210165681850242e-04
2.844599539826105539e-04
2.877465075789086653e-04
2.916488065290680698e-04
2.888851382954616266e-04
2.896672355409880438e-04
2.825251865039287249e-04
2.864736664078709229e-04
2.851071116132998127e-04
2.845450197441695499e-04
2.886096291752439694e-04
2.886037634877759999e-04
2.844768701967319790e-04
2.883949930013090862e-04
2.855650789501642172e-04
2.870153184046577311e-04
2.860530382764441687e-04
2.845131010585961887e-04
2.847041792407709786e-04
2.916213887003734208e-04
2.850763629916212914e-04
2.895345019174480161e-04
2.883758315759699792e-04
2.878735556221740429e-04
2.828838858126942412e-04
2.878111201836770967e-04
2.825983621661073324e-04
2.849232234276327549e-04
2.881590992622629771e-04
2.856856827312379042e-04
2.814562575326222046e-04
2.888561499452543336e-04
2.836597631677594184e-04
2.842191123656802342e-04
2.870858199166091283e-04
2.850862644352140560e-04
2.849746007756759109e-04
2.825138810556056669e-04
2.910059421526855084e-04
2.831210525082307299e-04
2.838528722444003160e-04
2.796545044419756067e-04
2.913168059522523246e-04
2.819284540163470619e-04
2.868216363810425183e-04
2.806050436999719326e-04
2.826516241723721280e-04
2.803349658148820392e-04
2.856657096868346862e-04
2.879322823498548347e-04
2.862457128664288317e-04
2.833014837396018865e-04
2.846136855583823277e-04
2.803307344094071703e-04
2.831661764869671904e-04
2.865841142725919239e-04
2.805086027461216281e-04
2.849642345179508127e-04
2.812008723305712264e-04
2.847140848627503838e-04
2.792665629215648499e-04
2.859706322656443826e-04
2.823227291620240527e-04
2.865840759335451971e-04
2.828897764245568444e-04
2.810686683004945201e-04
2.771709050135704637e-04
2.859367078939560537e-04
2.777800028860033261e-04
2.828214553579406392e-04
2.822313674112208884e-04
2.849591307658711609e-04
2.780221428018479855e-04
2.832868574031396415e-04
2.814065709946035913e-04
2.845811504109191305e-04
2.854419294205189474e-04
2.819532204704733552e-04
2.895220467563750411e-04
2.856448696751012393e-04
2.867918186942382697e-04
2.804691459552187101e-04
2.845893036652271551e-04
2.861632055598716732e-04
2.849492441396524493e-04
2.832654784641131570e-04
2.838136228866861336e-04
2.836499539525821510e-04
2.803821048173787620e-04
2.786704088932279925e-04
2.868293803709695317e-04
2.828096780484641321e-04
2.860159092030888257e-04
2.855762317034046772e-04
2.880085942928712868e-04
2.810044136364180946e-04
2.844312344960244062e-04
2.862001313486339186e-04
2.795678273516370585e-04
2.796957519228486901e-04
2.851134998523132736e-04
2.833917255888998609e-04
2.840632037689092785e-04
2.825469080932148836e-04
2.843026361283874362e-04
2.831965876912773063e-04
2.831135727529422263e-04
2.847970427852839327e-04
2.804411080324509665e-04
2.879826471820225403e-04
2.800234326005218233e-04
2.805907038944801331e-04
2.845786827579929496e-04
2.823677537544952909e-04
2.808840020221060234e-04
2.868155369997205128e-04
2.776762126903885514e-04
2.832175268358446936e-04
2.797655486365975943e-04
2.875067579305147719e-04
2.842306027041743908e-04
2.825734503810364948e-04
2.811150485289426047e-04
2.844542775965137665e-04
2.821153387592881907e-04
2.836705694986118697e-04
2.822903232331930691e-04
2.822222875269666956e-04
2.814339326692808776e-04
2.754915033939920135e-04
2.797374784050199264e-04
2.783165929730240049e-04
2.857669037401367232e-04
2.851075778507321549e-04
2.875459741380901246e-04
2.820727007129816897e-04
2.827313520029708124e-04
2.834365611361382891e-04
2.808094281110748848e-04
2.746942826032881249e-04
2.856397896741266198e-04
2.811607590995704453e-04
2.819010881250235377e-04
2.868465401922269393e-04
2.806921360539933502e-04
2.841525734994129163e-04
2.865804066781518582e-04
2.831185909205673158e-04
2.844179902100559031e-04
2.818651727870005405e-04
2.813540537936210775e-04
2.797443193480721397e-04
2.846491562088537320e-04
2.837817708696254966e-04
2.849655066241397550e-04
2.813654344845157489e-04
2.836624593882477205e-04
2.836247553192759361e-04
2.838266839353598874e-04
2.827511391185567663e-04
2.811443665992901944e-04
2.865502418644898068e-04
2.823260416084803401e-04
2.796111192755771843e-04
2.847444748756660488e-04
2.883272524552525098e-04
2.807931722221181244e-04
2.864769794394599013e-04
2.817010693311301165e-04
2.835954554518117744e-04
2.856157162850834065e-04
2.856272107666114608e-04
2.846295823602326301e-04
2.861363663464230726e-04
2.841549837197949709e-04
2.813991694698493888e-04
2.827417476909386044e-04
2.804914876510978964e-04
2.791153099612275019e-04
2.818323384961522586e-04
2.814510997869197205e-04
2.870805326582912226e-04
2.844846229885185157e-04
2.837471113332946807e-04
2.821185490795636479e-04
2.789440679124383050e-04
2.916487431536158312e-04
2.808242524780025281e-04
2.857247993457107203e-04
2.828828569134772216e-04
2.798660402896043691e-04
2.810329618880065441e-04
2.849096609172521526e-04
2.791704488823039659e-04
2.824578431048304803e-04
2.813096868401493574e-04
2.867472851719521983e-04
2.824505655235959507e-04
2.853888080590198423e-04
2.824297720192017703e-04
2.825334532448025432e-04
2.844826731833531011e-04
2.879165405772071695e-04
2.846281334635297647e-04
2.823924885504057675e-04
2.832432908190809194e-04
2.847587491798269266e-04
2.823049221359813293e-04
2.823256890751853578e-04
2.848671610636910388e-04
2.837052293725946298e-04
2.866385660967331046e-04
2.830843081888034319e-04
2.857635091393695209e-04
2.812837014538267831e-04
2.843323652487514787e-04
2.799220534558740530e-04
2.825745177448312829e-04
2.814558049176904509e-04
2.848754807343139824e-04
2.816890523789679769e-04
2.864951381919004147e-04
2.831421439018486693e-04
2.828246352426467755e-04
2.829437871484091890e-04
2.801087025186605904e-04
2.841669373529971177e-04
2.847394364566417689e-04
2.868101954622868997e-04
2.859303769689917701e-04
2.836248562875962292e-04
2.839226021878441149e-04
2.893654858327352397e-04
2.849662999982897687e-04
2.896242891944752151e-04
2.863850153174232771e-04
2.846471287353716608e-04
2.780997805811552905e-04
2.828975350417888132e-04
2.831614015803718561e-04
2.868977566455334881e-04
2.807901659987186772e-04
2.858360903181186852e-04
2.841580507605428086e-04
2.840890663144910724e-04
2.822557227105255669e-04
2.864983426375766165e-04
2.849914208407665957e-04
2.833266125669021279e-04
2.860880452964790674e-04
2.833152923534946782e-04
2.839183939424450996e-04
2.877556301985114296e-04
2.841380750897127367e-04
2.855264891333840005e-04
2.829702488688306096e-04
2.841657276022830714e-04
2.834149360024266692e-04
2.811483114609691024e-04
2.887921225219897419e-04
2.842770184143833968e-04
2.875104971950369218e-04
2.815743710985820240e-04
2.887191228781414167e-04
2.836887520598020056e-04
2.872909860998879928e-04
2.840781717681913586e-04
2.879154683894203726e-04
2.847188111259926465e-04
2.877035655063168431e-04
2.829154266033255928e-04
2.872201703470624425e-04
2.853616948582270900e-04
2.875953990998946527e-04
2.840444179388602300e-04
2.837026597229459117e-04
2.837234064070709677e-04
2.871429816941566257e-04
2.944538243390438246e-04
2.947766343335812790e-04
2.905956913419596374e-04
2.874086887825562289e-04
2.915316481132310903e-04
2.890998381064226056e-04
2.841607939881497943e-04
2.872699129239465526e-04
2.880807981955776334e-04
2.842408223080648507e-04
2.891740575491942578e-04
2.830969959249874323e-04
2.917169288011810095e-04
2.864656858448819338e-04
2.887411376693978736e-04
2.881951170353713992e-04
2.861375737886377528e-04
2.876747381652080735e-04
2.871115681279211144e-04
2.865546959970798014e-04
2.888937200078353358e-04
2.850890602208611558e-04
2.860763899671581374e-04
2.877996860677110923e-04
2.865497031457913584e-04
2.883197417277407392e-04
2.864518716789806905e-04
2.892752604674588240e-04
2.856827082972772684e-04
2.891379899525936071e-04
2.862061495747621935e-04
2.905073103744280514e-04
2.846154110677384403e-04
2.883447060886574890e-04
2.874726317484575171e-04
2.871317437486852918e-04
2.908042167358447960e-04
2.878290021378769777e-04
2.882340519998867695e-04
2.858058165114538054e-04
2.873148158229946029e-04
2.894727264016781028e-04
2.903450991109799611e-04
2.875682603848955929e-04
2.881688514706417115e-04
2.919863868033614686e-04
2.881341917011060014e-04
2.916894077104944128e-04
2.912119650589206762e-04
2.873919934717785981e-04
2.869893241725253842e-04
2.873337849009010778e-04
2.906061153829506464e-04
2.865516820142637641e-04
2.906184694424991709e-04
2.881205442867344974e-04
2.895503034449622634e-04
2.863869319837296303e-04
2.926545751337597838e-04
2.889622288984939388e-04
2.873197267426385801e-04
2.923823056085621047e-04
2.897627286283135494e-04
2.891750775203385864e-04
2.892976278612183032e-04
2.913738050731451293e-04
2.914358601883669238e-04
2.883195186852532651e-04
2.919158453424603242e-04
2.924629190069310538e-04
2.898984705706006285e-04
2.899332853288232080e-04
2.898646052151901669e-04
2.885194416432249683e-04
2.904103758159190269e-04
2.929013811234728757e-04
2.902015297985449552e-04
2.914359013244068107e-04
2.912443841335223189e-04
2.899198012486666181e-04
2.898278574466206926e-04
2.883640798479041056e-04
2.882914856367841316e-04
2.946295242040713460e-04
2.892558828180636960e-04
2.938799683145419217e-04
2.895310006329861120e-04
2.918799056497503857e-04
2.910921973643432496e-04
2.934679319096712312e-04
2.913515936672511240e-04
2.921231980079903564e-04
2.892828267990478182e-04
2.928600838537051055e-04
2.913195723803818681e-04
2.932631142711029297e-04
2.921020564534114201e-04
2.938293559348246998e-04
2.897897067073918658e-04
2.912167865380934566e-04
2.894289532842529624e-04
2.890760020168994327e-04
2.950584606273402052e-04
2.883096158079373516e-04
2.976499001181917158e-04
2.896401223790587894e-04
2.938331917521250464e-04
2.936290738855345758e-04
2.962530310912096418e-04
2.917555034377838528e-04
2.931265216123674468e-04
2.902837755322812559e-04
2.917304863847165470e-04
2.955729775699357216e-04
2.921401882507230390e-04
2.950294766532840464e-04
2.928922294645727774e-04
2.938604558641687964e-04
2.920913746297104652e-04
2.928457057900847073e-04
2.917039766385533229e-04
2.939229408840683113e-04
2.952014908407288286e-04
2.946769406392931909e-04
2.918826923599086983e-04
2.938884022328275194e-04
2.952712498453991972e-04
2.990070426454496228e-04
2.951635360124340701e-04
2.919829164250482443e-04
2.934055818011068037e-04
2.938310317280637927e-04
2.910857919313500960e-04
2.963294167346841568e-04
2.913451311355573113e-04
2.918351220880416623e-04
2.951062461440238406e-04
2.955419033639133182e-04
2.925649325068523749e-04
2.949299476027660927e-04
2.928587099784828586e-04
2.932723426622095542e-04
2.962761635166620100e-04
2.947453616712655930e-04
2.952649192951465685e-04
2.959710404228747533e-04
2.957306672904726772e-04
2.951640329785669209e-04
2.943241228347263276e-04
2.922553064472094590e-04
2.959511384549989030e-04
2.965416229203952166e-04
2.968115528251031470e-04
2.955187243728615376e-04
2.963043992260378629e-04
2.957791916653727295e-04
2.969859676309796184e-04
2.948254091497468760e-04
2.975888523611383194e-04
2.942911763984664905e-04
2.990850540391106838e-04
2.948363150066437427e-04
2.975669116928796412e-04
2.952399771025920709e-04
2.951142916612208033e-04
2.952867850402850756e-04
2.932124901899471701e-04
2.971887200284117729e-04
2.952652121903897838e-04
2.961655286633954848e-04
2.979361052847382318e-04
2.962649223890097576e-04
2.943009523744965377e-04
2.951673414841166337e-04
2.951708006595509014e-04
2.973290162942555351e-04
2.951237258488267358e-04
2.966467118236612317e-04
2.934483021741072150e-04
2.953118927525835344e-04
2.975881168045573975e-04
2.965810615159353834e-04
2.956232253435777941e-04
2.987875953491238518e-04
2.932824336625553712e-04
2.984882642240825742e-04
2.959174033614334802e-04
2.962992360306800034e-04
2.987291080570590881e-04
2.956611090684261797e-04
2.988499241118830561e-04
2.947672222296883514e-04
2.959451477640069085e-04
2.965962342535484074e-04
2.985649853960511296e-04
2.999695463808418569e-04
2.956266574382859454e-04
2.968131355775506974e-04
3.019544993322209733e-04
2.955891726254623918e-04
2.966931995586806698e-04
2.960248761187829199e-04
3.026590592930465911e-04
2.961213497561300837e-04
3.001991207313348857e-04
2.984844709776909941e-04
2.997241926234893894e-04
3.028268869873118499e-04
2.986508429120325126e-04
2.977606550006666559e-04
3.001464578650576585e-04
2.974989405760581100e-04
3.004224443014012844e-04
3.000531934588787945e-04
2.991245287824216082e-04
2.991657798469988258e-04
3.002176069434272414e-04
2.980975983283343494e-04
3.016018127643183325e-04
3.001269259392587039e-04
3.003026003613713064e-04
2.991195531265843912e-04
3.021437944562441690e-04
3.004928779320715192e-04
2.989119067339506843e-04
2.996643155408130923e-04
2.997507949356780421e-04
3.016049710990654944e-04
2.995349225901991789e-04
3.002637026088681620e-04
3.014760518899009707e-04
3.013321157145259273e-04
3.004654786605628772e-04
3.021264142113126564e-04
3.031660700997346148e-04
3.026275769660615985e-04
3.013934756953294330e-04
3.027056152045048075e-04
2.994166063107223802e-04
3.002826827666814856e-04
3.024426541269836332e-04
2.999901609599908659e-04
2.983638800637329917e-04
3.025953056831962159e-04
3.026117036249912186e-04
3.022200361308394938e-04
3.033922491634237105e-04
3.042066444109386265e-04
3.007393829880582680e-04
2.992260674228877323e-04
3.013390251024452107e-04
3.007016730435917856e-04
3.022004072133760021e-04
3.005287545868371812e-04
3.030414005969389634e-04
3.017594911794535778e-04
3.012248775209121101e-04
3.030087225127834445e-04
3.052483683819005476e-04
3.020737895747632436e-04
3.025944117769706994e-04
3.043106039906110709e-04
3.053199688656263672e-04
3.034795162045186910e-04
3.008724883243020444e-04
3.022047958739069616e-04
3.017744732133717956e-04
3.031966396748190704e-04
3.056451937087758587e-04
3.054579431636841695e-04
3.042890119574508307e-04
3.028382512941892230e-04
3.089523676995232062e-04
3.034288558991220935e-04
3.038451190647401250e-04
3.049401890611831223e-04
3.047886994625552686e-04
3.058676187763250775e-04
3.024842102806400137e-04
3.041187451931630674e-04
3.031858150916938791e-04
3.055598961405198697e-04
3.060797356275226635e-04
3.052568812926397283e-04
3.078620445857120766e-04
3.049989165156958659e-04
3.053208944751791844e-04
3.045617327026652640e-04
3.060880109838505351e-04
3.047543256797101592e-04
3.040812159952130259e-04
3.061349768110386378e-04
3.077254287730694709e-04
3.056440367492113024e-04
3.065237903507204769e-04
3.050337842601623102e-04
3.062026825617715281e-04
3.048566675317156637e-04
3.088660116099076767e-04
3.046495503005319664e-04
3.092208686461945491e-04
3.066821089534897465e-04
3.044114444351687172e-04
3.071257435328245545e-04
3.100453966174158342e-04
3.075233686762690686e-04
3.081982468537045028e-04
3.106113163277744380e-04
3.073411640972346448e-04
3.105658982950340119e-04
3.081095568128934146e-04
3.062005819759291069e-04
3.057976290444971686e-04
3.095004699236115131e-04
3.073467447834537765e-04
3.088085313911714510e-04
3.088970200586575688e-04
3.079500103245245242e-04
3.084746954836166486e-04
3.099068958147878925e-04
3.054391680224419485e-04
3.050817302256554034e-04
3.050092795717841460e-04
3.103438989141794543e-04
3.068139873105387903e-04
3.097099753473356917e-04
3.076651572675768260e-04
3.099227903459573184e-04
3.068800875766682914e-04
3.113574892143764275e-04
3.109102867931393837e-04
3.087386693119797249e-04
3.092691590743322483e-04
3.097229820331590697e-04
3.118731888757859429e-04
3.096137162994724596e-04
3.072188063694628458e-04
3.081822306391352297e-04
3.072788106760406413e-04
3.120366586189693859e-04
3.083387982955684446e-04
3.098116046578666422e-04
3.087350878582241455e-04
3.078499657850134450e-04
3.109351676395863797e-04
3.100606405082366956e-04
3.114500600065489458e-04
3.107303439958438557e-04
3.109781463787908190e-04
3.073773541449775120e-04
3.128263222049244602e-04
3.088565429013059816e-04
3.101065531713221592e-04
3.087280911390462095e-04
3.103984969276905436e-04
3.131252765248290033e-04
3.115891572028692399e-04
3.092858708411307242e-04
3.126357020245037056e-04
3.108708958768896915e-04
3.128739360683312166e-04
3.105346648312043087e-04
3.111748234785279878e-04
3.138615512862923010e-04
3.129155374037028998e-04
3.112626348360065468e-04
3.145764769923248749e-04
3.103371880135409274e-04
3.131538671764987286e-04
3.155360592756227089e-04
3.127015874242964071e-04
3.137811936122755275e-04
3.114599844343429497e-04
3.124261471578927305e-04
3.099758770644479096e-04
3.098179737822036274e-04
3.100958918009635119e-04
3.141508741607132362e-04
3.131037786965464400e-04
3.131861870905929294e-04
3.128118538371270569e-04
3.145232352968995154e-04
3.130831503957462827e-04
3.094742364952937381e-04
3.156425398067958725e-04
3.132155289896822875e-04
3.136917114321911013e-04
3.128623379851305114e-04
3.160154532846446850e-04
3.129348512951784568e-04
3.147446309989067109e-04
3.150622366462920939e-04
3.138858780828633318e-04
3.127047746359118050e-04
3.156757184020426228e-04
3.132360625008750207e-04
3.150891284454398361e-04
3.140879450695792927e-04
3.171014192448823256e-04
3.157607281307408674e-04
3.159017571329065513e-04
3.168272403784253835e-04
3.172551508607140687e-04
3.157592664820864348e-04
3.173005485146469665e-04
3.152472008571938862e-04
3.155862103620333723e-04
3.191087470394999973e-04
3.149404475427743685e-04
3.139819454780478107e-04
3.152462655698628504e-04
3.169000508126515632e-04
3.151739763134476483e-04
3.164214623461058975e-04
3.182699704730612179e-04
3.168748309303848578e-04
3.171101584402275225e-04
3.180742309631447726e-04
3.182127999491855689e-04
3.172260310615238380e-04
3.157794369781739417e-04
3.171387652200441344e-04
3.198628768717530729e-04
3.171593376001426287e-04
3.161317941597493412e-04
3.149451489497156944e-04
3.171191920057079205e-04
3.188174598586484415e-04
3.163560003195548800e-04
3.194190054158170316e-04
3.193181250202272651e-04
3.197086343804359139e-04
3.189172556242928338e-04
3.201378230666692510e-04
3.177040341619954229e-04
3.190327746638036083e-04
3.206569512369278774e-04
3.177597729527146695e-04
3.214212757959083663e-04
3.198645466817028353e-04
3.196979416089433491e-04
3.189580926860281686e-04
3.192124836124845101e-04
3.187151649677631509e-04
3.198434529904883210e-04
3.192478824302503321e-04
3.182140051040046073e-04
3.186676114866130436e-04
3.190379039371091805e-04
3.208940947571119412e-04
3.213404437004353711e-04
3.197755360374939133e-04
3.231433742328366880e-04
3.204222476845768443e-04
3.225029121591144730e-04
3.206006845200435533e-04
3.231949192778912319e-04
3.205166128725918883e-04
3.231107809768758764e-04
3.230543667147005174e-04
3.217900587579379350e-04
3.230027569626360410e-04
3.194890897040884533e-04
3.242009822387003346e-04
3.205449935001311482e-04
3.210455368075515892e-04
3.222307858962246267e-04
3.191465208722346907e-04
3.213396602351091189e-04
3.205486705046403434e-04
3.233097837867326507e-04
3.237383908951199933e-04
3.217721174274325324e-04
3.243740897053247604e-04
3.233340223237698855e-04
3.229297136241218290e-04
3.205514093737897238e-04
3.227135671848739085e-04
3.229759365502110581e-04
3.236191643830864406e-04
3.220516129287753445e-04
3.222726358560161898e-04
3.256617981453685745e-04
3.272449187173087984e-04
3.257719268969326695e-04
3.256369790749922741e-04
3.277209576115758510e-04
3.238171546247071422e-04
3.242326886503051108e-04
3.237446561719602416e-04
3.241886385352161777e-04
3.206603472257128730e-04
3.229862124721246796e-04
3.212190010820496267e-04
3.262755272221865379e-04
3.239331936864991209e-04
3.263990778290148291e-04
3.232845139127904868e-04
3.258126944935574743e-04
3.256396708498549052e-04
3.248823973099312359e-04
3.235315573856563506e-04
3.242742855672318546e-04
3.290373306585187550e-04
3.250302744147198124e-04
3.241787768696664145e-04
3.255068139683855153e-04
3.254428747623770149e-04
3.286701060020771068e-04
3.230601585580143882e-04
3.274574583454079252e-04
3.262574506883572840e-04
3.246118105234815964e-04
3.264102528425552293e-04
3.277939347288457003e-04
3.279331230150978700e-04
3.291802043703337963e-04
3.279670714587161950e-04
3.265284206807034630e-04
3.265096233023005614e-04
3.255578479811257206e-04
3.252879485110881448e-04
3.274091579022656668e-04
3.279401494769044133e-04
3.283362969154751524e-04
3.284350633613786121e-04
3.271757511055662770e-04
3.302801811470019826e-04
3.275509603364976270e-04
3.269557691395474919e-04
3.265774048900446018e-04
3.262484642105888165e-04
3.294095945098161763e-04
3.277753831065667459e-04
3.294693333656110350e-04
3.303207444996803790e-04
3.287601598733837270e-04
3.315007901735988419e-04
3.284745094812850002e-04
3.298149051679474288e-04
3.311096852167294980e-04
3.279348702187359329e-04
3.300220944492864646e-04
3.281252945528295218e-04
3.336751426669656634e-04
3.307135070298400999e-04
3.318954690352970581e-04
3.297873958923955859e-04
3.351586622063667327e-04
3.292627670572891930e-04
3.319134372001006448e-04
3.254395460721774521e-04
3.297472449984723821e-04
3.287717403960226494e-04
3.309188586785913712e-04
3.321323851516902828e-04
3.295119262139416401e-04
3.319489708841791916e-04
3.322688139826681991e-04
3.311264016744379065e-04
3.309196258172674137e-04
3.324204620658671684e-04
3.321344255574724415e-04
3.309884861858589295e-04
3.316609935536039789e-04
3.325261877729633912e-04
3.308084291990621225e-04
3.369443847718066928e-04
3.298344060389145002e-04
3.303697364968076131e-04
3.323187933273685996e-04
3.312536857097556271e-04
3.336481851164571849e-04
3.321281594648146191e-04
3.306169501276986795e-04
3.336382651246050835e-04
3.313950620017956867e-04
3.347200256817961473e-04
3.296946335906299989e-04
3.347414926713319526e-04
3.354256658384141164e-04
3.315885471765655157e-04
3.327529459300965827e-04
3.348573690978794127e-04
3.329122250795963321e-04
3.339278682766795353e-04
3.320637616884048490e-04
3.364255449424682172e-04
3.358078503511101971e-04
3.366696216352337381e-04
3.355093255213897939e-04
3.339721018823893863e-04
3.340711579239938897e-04
3.346088588355248519e-04
3.370942043623329594e-04
3.336638328042011909e-04
3.350882328300926498e-04
3.340938528921261609e-04
3.374207495571513783e-04
3.360680832335783633e-04
3.352368378048777063e-04
3.355793696552725582e-04
3.329268439693271945e-04
3.402427479634989030e-04
3.375561957554871020e-04
3.376811408070934102e-04
3.363378578577175086e-04
3.370995203515004873e-04
3.376515796992101944e-04
3.352321030460918196e-04
3.352957017887400705e-04
3.336101219910875054e-04
3.361907818134210685e-04
3.361007763573196699e-04
3.372518334090031595e-04
3.380274971417727026e-04
3.399682525147014857e-04
3.385411425721739933e-04
3.377243080585611576e-04
3.380137781462266714e-04
3.369226144045864768e-04
3.377463023355418981e-04
3.388690465441094386e-04
3.372047467172167249e-04
3.385861203492888981e-04
3.382421132389720644e-04
3.394643368416457095e-04
3.385140129712945487e-04
3.384141970441562628e-04
3.428576852124080952e-04
3.389924437272359811e-04
3.411652199433955722e-04
3.398860337346621633e-04
3.374065097543178056e-04
3.409719002339003631e-04
3.407933539333635620e-04
3.403148375677806292e-04
3.392838601622842924e-04
3.410145353603288745e-04
3.385021431933567140e-04
3.415428263965665924e-04
3.416011421391145224e-04
3.419619893507997994e-04
3.441501709225599495e-04
3.418758275624515655e-04
3.365612311614911856e-04
3.377374774947171691e-04
3.394118058598397081e-04
3.426169562554458813e-04
3.371251553481472915e-04
3.430403798096385150e-04
3.396923494887191058e-04
3.415215291761724030e-04
3.399884412096911218e-04
3.380808896618999653e-04
3.413589168378273857e-04
3.452737139662865901e-04
3.382849838804914038e-04
3.420453041211844215e-04
3.407933767738929973e-04
3.408967266150071868e-04
3.446514561382740881e-04
3.450671085689508213e-04
3.418169624761210413e-04
3.409772409673202738e-04
3.459136109944132599e-04
3.422211844282725419e-04
3.431278856815611145e-04
3.434115598896259904e-04
3.463838516537291680e-04
3.422883281858807606e-04
3.424440197254669904e-04
3.437581651200046894e-04
3.436010409410368755e-04
3.441159045488438486e-04
3.455508181160698677e-04
3.418670012831079362e-04
3.478548188816944211e-04
3.451254357620501417e-04
3.480938659837905388e-04
3.445754369809558284e-04
3.451056612327409894e-04
3.432158249947696153e-04
3.447471529072463378e-04
3.482906043451993870e-04
3.447454745828240283e-04
3.455280782427961966e-04
3.462150978671925177e-04
3.464781311256765048e-04
3.462089454266894942e-04
3.432966574963637108e-04
3.427976027760717232e-04
3.492293933891046031e-04
3.453363668335885858e-04
3.467458407821650017e-04
3.454771112309045454e-04
3.466546468277399750e-04
3.471655955736213184e-04
3.472189269912003213e-04
3.482265925150828789e-04
3.471156679489891417e-04
3.469958909313530055e-04
3.486932847267938630e-04
3.472633860741403751e-04
3.490690016827408893e-04
3.479159249268976234e-04
3.487793507160333794e-04
3.476802773072937779e-04
3.497062427053306889e-04
3.480226663150207600e-04
3.461917396167233686e-04
3.486120935145885311e-04
3.478778212191840349e-04
3.480545389500129668e-04
3.475679569432369603e-04
3.485840547498581118e-04
3.468544718694274937e-04
3.474036553031869114e-04
3.490578131535858634e-04
3.482433753633201582e-04
3.496054810307537065e-04
3.498793280827913374e-04
3.468399654158274580e-04
3.502473022746354259e-04
3.473026905557672077e-04
3.517073448750343860e-04
3.478031141350535578e-04
3.508788135248807586e-04
3.497423182835286562e-04
3.496674365537249304e-04
3.525622434074288732e-04
3.499689652018592818e-04
3.513940603346635250e-04
3.488443181116784473e-04
3.540135641354006388e-04
3.502241936038725709e-04
3.518562130699237926e-04
3.497317227707915028e-04
3.501584607846257237e-04
3.521922765921000047e-04
3.524521355681994135e-04
3.504278317054881691e-04
3.508753703667753928e-04
3.505414204017400078e-04
3.512651108386537582e-04
3.528417868910645205e-04
3.539535964908696142e-04
3.499415942092996465e-04
3.517346255942988345e-04
3.520488323123090678e-04
3.527657667660567906e-04
3.525319088843011572e-04
3.551352312708750303e-04
3.532555641364006982e-04
3.535292228632903183e-04
3.537131392794900880e-04
3.532313478978574067e-04
3.537218834632136475e-04
3.544433000902429327e-04
3.562927963971055127e-04
3.533609256738831856e-04
3.534327543436621743e-04
3.520254183780356172e-04
3.547709806953602265e-04
3.542241595034230448e-04
3.541066644765421224e-04
3.531579775874912029e-04
3.559861080978070488e-04
3.553351456764080284e-04
3.557422277324909969e-04
3.541688243906767372e-04
3.548292169908902360e-04
3.544987567953027693e-04
3.556256605358893157e-04
3.587948091010644751e-04
3.550276462408944031e-04
3.547053355219284099e-04
3.573522129935720695e-04
3.579055330936899018e-04
3.546771674274950105e-04
3.564910926595608637e-04
3.532215757331121433e-04
3.559420538890631217e-04
3.550267259721397021e-04
3.572221358285188183e-04
3.567044217812656267e-04
3.563207005318276186e-04
3.594160955957502175e-04
3.571395865589613110e-04
3.585026453098012723e-04
3.576210636969526842e-04
3.584445152952987529e-04
3.582282891079042694e-04
3.550638427338248071e-04
3.584863859341473071e-04
3.579072723300977905e-04
3.608429986814167510e-04
3.588398229453496806e-04
3.586767843165310937e-04
3.572417669080099199e-04
3.580582091341964713e-04
3.581681217592227301e-04
3.581788443083429785e-04
3.590395995641016704e-04
3.571395208388908121e-04
3.608277342250465719e-04
3.570192092426914023e-04
3.573137982122526419e-04
3.630265989864500296e-04
3.589001843832477067e-04
3.578670635732310377e-04
3.590829926634687193e-04
3.607731765267579429e-04
3.607662381911370020e-04
3.593064652051329794e-04
3.613706331615870347e-04
3.584324977113042448e-04
3.625782504984867644e-04
3.618218517975367110e-04
3.621555988005503409e-04
3.599615219002128301e-04
3.603596784852140670e-04
3.632791173167854528e-04
3.620193439918423261e-04
3.615846069287239391e-04
3.596172727087226925e-04
3.622908439584539330e-04
3.622526001214564626e-04
3.626254301444354700e-04
3.604632770145128309e-04
3.606074122528601976e-04
3.605147638762933125e-04
3.638967821683510300e-04
3.629375879520937206e-04
3.650838996956811159e-04
3.631408952196410076e-04
3.620989990858181876e-04
3.606190360913693791e-04
3.632394782537156654e-04
3.621230559990501257e-04
3.632533609657590868e-04
3.608875109763618654e-04
3.642177090034952498e-04
3.644518711496024443e-04
3.645811029580352160e-04
3.636124140692014806e-04
3.641192793940623441e-04
3.597837760359342651e-04
3.619942388567394856e-04
3.631063660675195887e-04
3.649235456897127793e-04
3.607511968187616220e-04
3.662068502531352020e-04
3.647649865857735324e-04
3.657250699546610003e-04
3.640255446508980841e-04
3.638007222085500232e-04
3.671822040611355249e-04
3.617345486184626738e-04
3.662497546967046760e-04
3.654220473822757413e-04
3.678923777410116275e-04
3.639897026255553949e-04
3.677870460384176604e-04
3.655488442865455060e-04
3.656023222327974931e-04
3.679341885126160444e-04
3.684758441186983865e-04
3.653733149492483759e-04
3.672006369135264034e-04
3.657848237519971358e-04
3.671677444154966964e-04
3.682438339450694450e-04
3.681433713326138840e-04
3.664768948922311927e-04
3.651508356413377143e-04
3.652625115338145882e-04
3.688207050745061677e-04
3.655964149344671441e-04
3.674134208199063474e-04
3.677069046711306305e-04
3.642634006316504999e-04
3.668738580927887556e-04
3.681828272429632509e-04
3.724452755672948427e-04
3.675015445861069536e-04
3.686542073467340185e-04
3.678673212062922703e-04
3.683520556175463347e-04
3.675021892274526829e-04
3.685483141159089115e-04
3.671399865920438972e-04
3.695152732206274395e-04
3.712025533655773741e-04
3.695392821098945272e-04
3.705179068301729141e-04
3.710045034175277982e-04
3.694950197617821210e-04
3.716951473686302227e-04
3.696498850651505066e-04
3.702370662875819089e-04
3.700586698489812280e-04
3.715988072319512613e-04
3.713128603728485934e-04
3.727315888416015701e-04
3.717023635222456305e-04
3.720780457461644224e-04
3.690143613715136874e-04
3.718623178000950353e-04
3.721608516438932798e-04
3.708432428400499758e-04
3.730031529903065192e-04
3.690149723967902869e-04
3.694757854991920264e-04
3.703619783464699592e-04
3.735678601998496063e-04
3.723818182761949288e-04
3.724217697713226431e-04
3.716845104943885159e-04
3.734533494436683820e-04
3.708285673456386978e-04
3.715655305055986222e-04
3.744096382167565965e-04
3.711593545015853422e-04
3.729953497903760150e-04
3.719969685296291989e-04
3.734495575960592589e-04
3.739333655162391419e-04
3.723417097882840204e-04
3.769918506684169696e-04
3.745259364698968097e-04
3.730634414032603808e-04
3.740928459337527568e-04
3.749645041943030989e-04
