3.181124467114103481e+03
1.402105668740866520e-02
3.075544717807431397e-02
1.371413670799129583e-02
1.469080979176864456e-02
1.160304188206654971e-02
1.063186029678684329e-02
8.995942186468678867e-03
8.923697836451735532e-03
8.205749951783837537e-03
8.276920352243848783e-03
8.012002482853700439e-03
7.920470266677743024e-03
7.214009681541289076e-03
7.640992723234378732e-03
6.673120403796625744e-03
7.011155801930811504e-03
6.809906474029694956e-03
6.607334092524096321e-03
6.125703631322079387e-03
6.606048724128866026e-03
6.176823346757413270e-03
5.668737016588853636e-03
5.797447432706141594e-03
5.781817310008818822e-03
6.268259902405599882e-03
5.951465262349518379e-03
5.927824390846762881e-03
5.649222196381852371e-03
5.971828554086410640e-03
5.842955864641168930e-03
5.657904262985033114e-03
5.591715911557099475e-03
5.184894271951687519e-03
5.310522444762023030e-03
5.286922235079911589e-03
5.113781195024202052e-03
5.474703263277252464e-03
5.173411917954729745e-03
5.127858467260965926e-03
4.991537464240991886e-03
4.961896773466911541e-03
5.175123591831721007e-03
4.997700786480862092e-03
4.935685928043620670e-03
5.043513714874534037e-03
4.965832000232191755e-03
5.017514393928239683e-03
4.842663952254880506e-03
4.968374052826232332e-03
4.922937180951867699e-03
4.872768122605454846e-03
4.693926545109671118e-03
4.912833300462791063e-03
4.620664480259378294e-03
4.836983546123239074e-03
4.884224407522919434e-03
4.572075623952386383e-03
4.668642428306587003e-03
4.555033662138068332e-03
4.662185051193068128e-03
4.779898138285783304e-03
4.529562289358497230e-03
4.636591068671727829e-03
4.849011439710388185e-03
4.670086693412798043e-03
4.532383649133018243e-03
4.463705975920425305e-03
4.469849649670220096e-03
4.496348615899811024e-03
4.426389167390397741e-03
4.530993926432301186e-03
4.334542875840071731e-03
4.403243871948384416e-03
4.430812772533674303e-03
4.503860598268186882e-03
4.521081222905691879e-03
4.374546983338855645e-03
4.355372152954482996e-03
4.465681473294523356e-03
4.390761861753330123e-03
4.419631509540284352e-03
4.392866319937288946e-03
4.336005873962196430e-03
4.316836661092455195e-03
4.389428851058389466e-03
4.348452686707441825e-03
4.249720447466409645e-03
4.198028123939276726e-03
4.362437805650419900e-03
4.241696235646703200e-03
4.357854729055038109e-03
4.294382564829028401e-03
4.294741306782682948e-03
4.220666751923476262e-03
4.238654540370486758e-03
4.224590838356458329e-03
4.257505228771911975e-03
4.138614579520168493e-03
4.320211235774899620e-03
4.202660862059692283e-03
4.173264093495661180e-03
4.069936871576065353e-03
4.136865870492816705e-03
4.084026809584041448e-03
4.204959823481048409e-03
4.090505800701717092e-03
4.074221111638414924e-03
4.161521885077096305e-03
4.057202406451299037e-03
4.097288486262487886e-03
4.121290347090285008e-03
4.196614510926606999e-03
4.071086891349306666e-03
4.087748506850430105e-03
4.072618423382749070e-03
4.117591825341123876e-03
4.217472145461849051e-03
4.034017925715843375e-03
4.034779712188888215e-03
3.942598238217634270e-03
4.083373594125945874e-03
4.036946290665048911e-03
4.141402848150914709e-03
4.156478343179649537e-03
4.110355937067690368e-03
4.128591511127836268e-03
4.078547298911696685e-03
4.079416302515031026e-03
4.004000089134171145e-03
4.136920886542045164e-03
4.067821679564032761e-03
4.091356000484165645e-03
4.196900537146359446e-03
4.086872214867952498e-03
3.988245468923184642e-03
4.016428527059393364e-03
3.974909710052119093e-03
3.928735962692127444e-03
3.948402580571178100e-03
3.921428424992986356e-03
3.991809362921169488e-03
3.986400965340289662e-03
3.927164548649946137e-03
3.874106584772081443e-03
3.903637561218833291e-03
3.868239221308243745e-03
3.924720452559081821e-03
4.039749707405485349e-03
3.949384438804352457e-03
3.898819891491431440e-03
3.888781251772955357e-03
3.916976475771244415e-03
3.858362723027687798e-03
3.937953237115716064e-03
3.869479891324605590e-03
3.954162091706872779e-03
3.973979121171753934e-03
3.927175641525956253e-03
3.868151003665511265e-03
3.892877062733650188e-03
3.923525066068977302e-03
3.925196667649974956e-03
3.906074766229912683e-03
3.858887245890994713e-03
3.860557546438318777e-03
3.838364745601518385e-03
3.857856382398310718e-03
3.871112197857995516e-03
3.924220944694727792e-03
3.892013051868652325e-03
3.857161664383984036e-03
3.772906959777843489e-03
3.805099238773873658e-03
3.752585440705519075e-03
3.832771432331144416e-03
3.886316105175628092e-03
3.814904186843227994e-03
3.754804640628486932e-03
3.913164922189535898e-03
3.900588330079278986e-03
3.775844641903360749e-03
3.848040643093525535e-03
3.754794722952018663e-03
3.778487947871504021e-03
3.725625695746410775e-03
3.758424148584044167e-03
3.797740357970007773e-03
3.799654797355973314e-03
3.771927170435340759e-03
3.845575217874749874e-03
3.717320506349348821e-03
3.803022522813530402e-03
3.791251295226386563e-03
3.793259771657465137e-03
3.772672760309903062e-03
3.755984308885748548e-03
3.756426129124020713e-03
3.752298974461242866e-03
3.767451733565637707e-03
3.749247273855081664e-03
3.819689385132478236e-03
3.667945803158048461e-03
3.755136224945294227e-03
3.734478391486695335e-03
3.714131190247822126e-03
3.817187151128506508e-03
3.736254816166700247e-03
3.773777291893797622e-03
3.721393133087935561e-03
3.677796407775894318e-03
3.791206179194101054e-03
3.728416219368291783e-03
3.746626759346099317e-03
3.777807447757138871e-03
3.780771268180734609e-03
3.735261570408786314e-03
3.736624633510156248e-03
3.740546340062527592e-03
3.740121193927076985e-03
3.730436110022120055e-03
3.701329928339679165e-03
3.714903439031513269e-03
3.710895141035833698e-03
3.691098451242806004e-03
3.699043690870644496e-03
3.779068506448182013e-03
3.704033685869629992e-03
3.702820869730911318e-03
3.674980398440655469e-03
3.704693577110237425e-03
3.622570781261735730e-03
3.725774759135928003e-03
3.642822824407423391e-03
3.655630149993086518e-03
3.695742980754797378e-03
3.767344300021009066e-03
3.635189579103660466e-03
3.696563999038927906e-03
3.670549798876344364e-03
3.678101495560398733e-03
3.693466287379851970e-03
3.666825034895145660e-03
3.639650812510070860e-03
3.653976873704047664e-03
3.660780379541896806e-03
3.656918804212949594e-03
3.658004285654142124e-03
3.689698813974522269e-03
3.684164606596521899e-03
3.680292963770339515e-03
3.574588219880783790e-03
3.682967340755706302e-03
3.637261429624731764e-03
3.655648405777351447e-03
3.625787476593954513e-03
3.555496325072228687e-03
3.696807452916863607e-03
3.608131574957138855e-03
3.622826376516178476e-03
3.624986857796085645e-03
3.643539160118084048e-03
3.610392080499899743e-03
3.591175286220456894e-03
3.700501708346386025e-03
3.620549953953960346e-03
3.613786942097994143e-03
3.606038515980087428e-03
3.663943260418901955e-03
3.619003984183440884e-03
3.666556225701356111e-03
3.601641136002621535e-03
3.626323333200413748e-03
3.589308868269985679e-03
3.632034416853988958e-03
3.603684394093279505e-03
3.564318036078228859e-03
3.610473502834350874e-03
3.639349337365542676e-03
3.637646580255112644e-03
3.627106425592920881e-03
3.630580662893781538e-03
3.659332354446614369e-03
3.619855714090968596e-03
3.614054267594161898e-03
3.636465551321911484e-03
3.601236573908454027e-03
3.607324023719890062e-03
3.546876597081177925e-03
3.547320442922068887e-03
3.591882312244814440e-03
3.628028686960439210e-03
3.591156090306302229e-03
3.594954615575570583e-03
3.540325047442420634e-03
3.579763727445699727e-03
3.620305057960132664e-03
3.560887470819213037e-03
3.596392015394046619e-03
3.640254445729052078e-03
3.554758094688690358e-03
3.628680124151908819e-03
3.565373625883300202e-03
3.623980705709407314e-03
3.543779758526272548e-03
3.514539199386103232e-03
3.620886370851543294e-03
3.545710015339857083e-03
3.543022634023450766e-03
3.592136066902064297e-03
3.537476455666687444e-03
3.520410186655812627e-03
3.567523281702274750e-03
3.567719208398356743e-03
3.540805216793652208e-03
3.571287178401865575e-03
3.572088713287136560e-03
3.539719464032266370e-03
3.521461382644542389e-03
3.546994444971327074e-03
3.544726189798805358e-03
3.489132644262119172e-03
3.568902252006055879e-03
3.545024080022942618e-03
3.518551724570106141e-03
3.588346357390392091e-03
3.527439912002795601e-03
3.513265154063578092e-03
3.518311589053436331e-03
3.473024881704697871e-03
3.514061116156276619e-03
3.558569732247636366e-03
3.536331994934365560e-03
3.511220189470292546e-03
3.531790767960310724e-03
3.544449078335992070e-03
3.478083319477680291e-03
3.528773388029881469e-03
3.501942783544323250e-03
3.508094445535026203e-03
3.535348450359474762e-03
3.553773496631489059e-03
3.577703187213845341e-03
3.507014358474011464e-03
3.531864041705977224e-03
3.518352375637533863e-03
3.515237664549991040e-03
3.537125097756165047e-03
3.603685482547409284e-03
3.557965296019525471e-03
3.517013720763366349e-03
3.460089630971607821e-03
3.469354384918125166e-03
3.570949545270896922e-03
3.558126574534715373e-03
3.506043239371738930e-03
3.515990650685933173e-03
3.530285701388506496e-03
3.473889499116848516e-03
3.524971356446152983e-03
3.487200408888111499e-03
3.505285576361794140e-03
3.523131483126010211e-03
3.468441914494909545e-03
3.487194222725747885e-03
3.483028777414434903e-03
3.498479541694931617e-03
3.533899411849273503e-03
3.567186304435168015e-03
3.471138239648458544e-03
3.534905597902376125e-03
3.527179677457618727e-03
3.455350852490170297e-03
3.505987915808274173e-03
3.519675961605996974e-03
3.492711767891280850e-03
3.471891745356790130e-03
3.436988356840318774e-03
3.510898160887876950e-03
3.467656082662654883e-03
3.468466815819097517e-03
3.509742744338704111e-03
3.465830541629234124e-03
3.499198038027934773e-03
3.493959750757966252e-03
3.468483599926732060e-03
3.503550716405718409e-03
3.492361032278534262e-03
3.500540810499047552e-03
3.458061413364649922e-03
3.460368456441120268e-03
3.445724537595102385e-03
3.518622179018412403e-03
3.468693778864411457e-03
3.507229984243238289e-03
3.446979243173420825e-03
3.487214578849775169e-03
3.441083411290309264e-03
3.485062407640522608e-03
3.495532798548020657e-03
3.537499630190535978e-03
3.446871130655138841e-03
3.449668279369959376e-03
3.440803451262931193e-03
3.481014783230209578e-03
3.507169195218826866e-03
3.489126064692868630e-03
3.427966916752732494e-03
3.435070646063380449e-03
3.510665274506868244e-03
3.451589492970173062e-03
3.437318581063904428e-03
3.456167418792686300e-03
3.473242298827766000e-03
3.425403650818695852e-03
3.468472721223411076e-03
3.446566726289413025e-03
3.514048438736852489e-03
3.441361084613069141e-03
3.494676085138521179e-03
3.480639212767394630e-03
3.468316605105438346e-03
3.497070121665342424e-03
3.429456240736805488e-03
3.441199997860822004e-03
3.452993407846668451e-03
3.421512129764829775e-03
3.425797520962546062e-03
3.446552105898294336e-03
3.442364950572508568e-03
3.471541238470829318e-03
3.457967173222648623e-03
3.468697309598273854e-03
3.420201370983064031e-03
3.450695905827008605e-03
3.422118465841897210e-03
3.457795839923181406e-03
3.456291790003941829e-03
3.464875671880111949e-03
3.451661032686204836e-03
3.436477497138002053e-03
3.432167861103572418e-03
3.452970203635731625e-03
3.471646377238511803e-03
3.448642027431363197e-03
3.413379419000826028e-03
3.455407819810217725e-03
3.439030630772193196e-03
3.467228028689110699e-03
3.390004531707757531e-03
3.462729327767361757e-03
3.405509314436921085e-03
3.379466671944760491e-03
3.402788119128916707e-03
3.425395476124859506e-03
3.456553141463207697e-03
3.439714122741605040e-03
3.383172206034948913e-03
3.399837657279437646e-03
3.394438752748005911e-03
3.353991231949494944e-03
3.398041070337488954e-03
3.402111450043759835e-03
3.453851144175135775e-03
3.416939646392034430e-03
3.428096466604657090e-03
3.407565439363112285e-03
3.455205098269919367e-03
3.396726067154220204e-03
3.441204769380333539e-03
3.419991296325314376e-03
3.413544864911439471e-03
3.436178465663625083e-03
3.441646675085880454e-03
3.444019277636618109e-03
3.364996911703450021e-03
3.408618630823266431e-03
3.374595301015841792e-03
3.415849269363459371e-03
3.444958969963705844e-03
3.365655580059393696e-03
3.401529029654640213e-03
3.434731403679070101e-03
3.388077878016632245e-03
3.397820950817479618e-03
3.368612107837378779e-03
3.440374456575172150e-03
3.434220736742563205e-03
3.416984839479473429e-03
3.403629373617308128e-03
3.451763889331115748e-03
3.417830782200834659e-03
3.403705432909346316e-03
3.402219266769706315e-03
3.435426653191896076e-03
3.389812270024600196e-03
3.388910746035227271e-03
3.392022909383558219e-03
3.390307692245621458e-03
3.414966788249818030e-03
3.403556789792414917e-03
3.419619642841122825e-03
3.400121622990212675e-03
3.414642024230549276e-03
3.422530104517131945e-03
3.381469009362640665e-03
3.388150907013603476e-03
3.396294747233775078e-03
3.403708889716134615e-03
3.438925130737596758e-03
3.357220279892964877e-03
3.391339710649326870e-03
3.443831861212607367e-03
3.424474422564503621e-03
3.418949253826002871e-03
3.377269844860184868e-03
3.416839482124262896e-03
3.406477057610662971e-03
3.400767521739906339e-03
3.393248453598721702e-03
3.394287657183674839e-03
3.388169089367624315e-03
3.390928102508609324e-03
3.403967911792445296e-03
3.329722300562990532e-03
3.374402591790161884e-03
3.408900485028857653e-03
3.385570237018996950e-03
3.439390577364537759e-03
3.397348812487777266e-03
3.389943615290293838e-03
3.414271529917111466e-03
3.373280123029070206e-03
3.388125104562328925e-03
3.386555703754384056e-03
3.398569350069927629e-03
3.343071978737518525e-03
3.423467071605564710e-03
3.401739337323008046e-03
3.364801855373313142e-03
3.390473140643552544e-03
3.427672241033708714e-03
3.375475613175902591e-03
3.373733875621673546e-03
3.348667453293868636e-03
3.362459817249545315e-03
3.411146186897012940e-03
3.386061836224256612e-03
3.395251629339555901e-03
3.400673695294109504e-03
3.391880603984911893e-03
3.398618933744556453e-03
3.375544083096807500e-03
3.343990759159482483e-03
3.376091350691746377e-03
3.391446257701483200e-03
3.408272986682692966e-03
3.379943984051869774e-03
3.379563599328042848e-03
3.381717660553650636e-03
3.340716013381188169e-03
3.350983512529045333e-03
3.336547117548310966e-03
3.378848337052427903e-03
3.381504117476640849e-03
3.328829516979722215e-03
3.363193902547918779e-03
3.343665480715773183e-03
3.407574483163147098e-03
3.364571703334166743e-03
3.365123834274351237e-03
3.346755087696661000e-03
3.366381126921316226e-03
3.373087458396784814e-03
3.371182341683951009e-03
3.382010832221637921e-03
3.350004573199045262e-03
3.361603571083708001e-03
3.374106640346738288e-03
3.330946677989053781e-03
3.387702864209878820e-03
3.379002291450101340e-03
3.390172487163818724e-03
3.351933494542742344e-03
3.362449675752484345e-03
3.371045863725286636e-03
3.351698949565259933e-03
3.399683035136027466e-03
3.348099924049892373e-03
3.356848674344233181e-03
3.338771554141004710e-03
3.360393624131425942e-03
3.344004934270363577e-03
3.328608876262672926e-03
3.342917739464526007e-03
3.333200261674309529e-03
3.389016528248850382e-03
3.331606254362427799e-03
3.347543172566557097e-03
3.374037989062413003e-03
3.336130351125016734e-03
3.337498264922440262e-03
3.335979412964544706e-03
3.301176285889132530e-03
3.322789853296302578e-03
3.345203495294545113e-03
3.359440291124181181e-03
3.346027358521896315e-03
3.344013563960408601e-03
3.370202444377317589e-03
3.367069259832884687e-03
3.343844287156833798e-03
3.342258375403376648e-03
3.343447752986707967e-03
3.336930537689446023e-03
3.351590682417474737e-03
3.363069286702849610e-03
3.362201870162020989e-03
3.307419719781120367e-03
3.300829886341580775e-03
3.329668913728766298e-03
3.323655996283705720e-03
3.347288455425266422e-03
3.322664273108418172e-03
3.364043962397184669e-03
3.342727086990653160e-03
3.332753535708475774e-03
3.312670365748071784e-03
3.309431802269210965e-03
3.338532250993793415e-03
3.347468016328513339e-03
3.319866342027699875e-03
3.376272525877570263e-03
3.305033816173692188e-03
3.354870937765569439e-03
3.387322381945880208e-03
3.327931672717816033e-03
3.337162727949127047e-03
3.341636036378851145e-03
3.347557915146711586e-03
3.365412788992929068e-03
3.331871511145887473e-03
3.312516359503130982e-03
3.351516092472086542e-03
3.359105569621093166e-03
3.348252694051904836e-03
3.353358187919414264e-03
3.352104671425075975e-03
3.333017040016054890e-03
3.340593388036797347e-03
3.356499774120646259e-03
3.347528023417311281e-03
3.323859693201870660e-03
3.301750821535701010e-03
3.342043955765585436e-03
3.339678492289092741e-03
3.321848094105390222e-03
3.339383506673084586e-03
3.316622992761342724e-03
3.331034924268425762e-03
3.308479280082794651e-03
3.355534151440757364e-03
3.327573664916810749e-03
3.312372018781632125e-03
3.297223408801929542e-03
3.293972817816103078e-03
3.298377474454561916e-03
3.322666467723018463e-03
3.340300358473225536e-03
3.304888724344432708e-03
3.302833307763125559e-03
3.318239728181057724e-03
3.350108626952794013e-03
3.374270322465080206e-03
3.335863568546195475e-03
3.314711826111689606e-03
3.329195034760105889e-03
3.290179570460932679e-03
3.319332917760470843e-03
3.351051178998545876e-03
3.303866897284218201e-03
3.311075677760540095e-03
3.306558317586492934e-03
3.313783637482409141e-03
3.366133175192203945e-03
3.339324036901199829e-03
3.317018803929478680e-03
3.325447015350631395e-03
3.319427277760694881e-03
3.312100049587758492e-03
3.338454100952035174e-03
3.322468058182222357e-03
3.310710718514456828e-03
3.326245096396120062e-03
3.331240896359689233e-03
3.320810989018240563e-03
3.297139793666604805e-03
3.334178274473043827e-03
3.309370382495236719e-03
3.325983084108094425e-03
3.331489586922448121e-03
3.337520561785844910e-03
3.292754813266195006e-03
3.284564260789099750e-03
3.309880944718698089e-03
3.310946457349907886e-03
3.339519273213900716e-03
3.357709789712961211e-03
3.341505854384430214e-03
3.275868762023830677e-03
3.318195798167331186e-03
3.314099350047278961e-03
3.315020378448295391e-03
3.303596211477864523e-03
3.277635070690706857e-03
3.289066428576588492e-03
3.293891370852906723e-03
3.309831707343115128e-03
3.311607954750165478e-03
3.349750303119152037e-03
3.310521577577985736e-03
3.277718754287770042e-03
3.324215046952632042e-03
3.291921887053156359e-03
3.302597558779763777e-03
3.352323155594309073e-03
3.317011084525588269e-03
3.324729422057564471e-03
3.336912251259084757e-03
3.268824182033381459e-03
3.290283245672988213e-03
3.294893921472315246e-03
3.291696769605468968e-03
3.302471909528158049e-03
3.264587410125779909e-03
3.318811307821091603e-03
3.273606615886830769e-03
3.329315067035013617e-03
3.304821659388398804e-03
3.310062169917870473e-03
3.271089222257956425e-03
3.280191537636581531e-03
3.304616934675358615e-03
3.319447502863522199e-03
3.260364599558597618e-03
3.311158893734943067e-03
3.273759673599952076e-03
3.326733358555615007e-03
3.287577126659044224e-03
3.314642799680821150e-03
3.259330722185892204e-03
3.337684331455828546e-03
3.292157202208145610e-03
3.264409560393293636e-03
3.293552455144253821e-03
3.291208200776284815e-03
3.299219181709272565e-03
3.297466900788451841e-03
3.307651198731136142e-03
3.260152417846123689e-03
3.268439824918996546e-03
3.320123903365993466e-03
3.294930859384619624e-03
3.296857359378213646e-03
3.284189842188543155e-03
3.275009693060388326e-03
3.300374041417984076e-03
3.320967436996909335e-03
3.290639576500119061e-03
3.301193613651771767e-03
3.316355621270501187e-03
3.326109801671893636e-03
3.294146164870335233e-03
3.289860122709823559e-03
3.257451188826206157e-03
3.279557388642648230e-03
3.294982737799978349e-03
3.255933054177773296e-03
3.314157293619530466e-03
3.302134149810705046e-03
3.269653337704575644e-03
3.299056480646023280e-03
3.317244648739022146e-03
3.296794109958769113e-03
3.290415193781841361e-03
3.293289834267084694e-03
3.256183156016363624e-03
3.283069690518646173e-03
3.298808240280887930e-03
3.276564854519141250e-03
3.328591896642369395e-03
3.287927307197493956e-03
3.303493836062927017e-03
3.279288612928837020e-03
3.333229646516834479e-03
3.272103225878493591e-03
3.270274588599392414e-03
3.299409041903303419e-03
3.262639087993729394e-03
3.290730513887241311e-03
3.322130459853705857e-03
3.313178114115979209e-03
3.296021629831411524e-03
3.240873285545754160e-03
3.245149686237391255e-03
3.291600596682152467e-03
3.255616690291013391e-03
3.270419133082827414e-03
3.289863922678813203e-03
3.273343059618541613e-03
3.309945617518576973e-03
3.302546752657018695e-03
3.263782378605048582e-03
3.263481336933849678e-03
3.254680808068283974e-03
3.295113464544274264e-03
3.276137668512546681e-03
3.267569575944603323e-03
3.303689186893320976e-03
3.278392070507742638e-03
3.279133911195478927e-03
3.258834964033417714e-03
3.255259070332469813e-03
3.280436508102855218e-03
3.290195408439857555e-03
3.258803578273300992e-03
3.266936380413076706e-03
3.293131926816820262e-03
3.275496091731502739e-03
3.289550397294158102e-03
3.290149601489163189e-03
3.277464674288908027e-03
3.279516950743489694e-03
3.261900585439009206e-03
3.293926581742537794e-03
3.293425645641510306e-03
3.289635652389641396e-03
3.269319716936650803e-03
3.275273150215243876e-03
3.272032825929081009e-03
3.272098801844782606e-03
3.273036966082913755e-03
3.302610344713539925e-03
3.267017187090370638e-03
3.298004011780407592e-03
3.279921738424700171e-03
3.286125929735339481e-03
3.258109708845651799e-03
3.272736372794587349e-03
3.314186047502842153e-03
3.316227941703117112e-03
3.304018735758485533e-03
3.256745789555665765e-03
3.281582948006279282e-03
3.245929930506024491e-03
3.295610023206993651e-03
3.265345208176460238e-03
3.242130934189440400e-03
3.315436168551189663e-03
3.265508057432498727e-03
3.274384315108372964e-03
3.291648874810245394e-03
3.280380459617007055e-03
3.279524594716324605e-03
3.261061759164196779e-03
3.248673364335513680e-03
3.255783334711320667e-03
3.289384362227661292e-03
3.278574776888509932e-03
3.275968338071463815e-03
3.261928455579704046e-03
3.291425948173969628e-03
3.298892000592912321e-03
3.304980965338065457e-03
3.255163030650636696e-03
3.271135370285523265e-03
3.287778443666590326e-03
3.268277825822459015e-03
3.274042153534189280e-03
3.250660143556265667e-03
3.278367504588464675e-03
3.259533221067245461e-03
3.259678942738871571e-03
3.288243455983600426e-03
3.293710463031533729e-03
3.277530425932515673e-03
3.261961509816360856e-03
3.288675726947537341e-03
3.286389856672720846e-03
3.247042170276529752e-03
3.261315597099963097e-03
3.235829152027813044e-03
3.266797090390946567e-03
3.239352756047741803e-03
3.247566380116858470e-03
3.275457368366536774e-03
3.289204007744911482e-03
3.274989753268260119e-03
3.249082771050341989e-03
3.246245251599499948e-03
3.279491466235672729e-03
3.280280589741905919e-03
3.283547236073104583e-03
3.307650378697620658e-03
3.286402317321134112e-03
3.270916634287135416e-03
3.274873056889361037e-03
3.223783982690284211e-03
3.274986709654883164e-03
3.255114495539314368e-03
3.276915630884959327e-03
3.264633654433364562e-03
3.268531638145558832e-03
3.262328784105451678e-03
3.272198197022183758e-03
3.272855408500070003e-03
3.276997432859205753e-03
3.260348167159751905e-03
3.298305518924715771e-03
3.262356264915955602e-03
3.273991559948678971e-03
3.271397127526670754e-03
3.295806103430190710e-03
3.286349919764987304e-03
3.242594396791291349e-03
3.256495418028125012e-03
3.274632727180371017e-03
3.252445121482853800e-03
3.253490117426558002e-03
3.281012302421692974e-03
3.246169359109267634e-03
3.250254912001843133e-03
3.260481783694266136e-03
3.265951311980383378e-03
3.264073936467429791e-03
3.315914685122335701e-03
3.250918787476562901e-03
3.263161542946316045e-03
3.244611417899528893e-03
3.298327624378221638e-03
3.257544952239542664e-03
3.275702931665540416e-03
3.246266327818937182e-03
3.274760312696721638e-03
3.283222327465779890e-03
3.286894051830427377e-03
3.268526823041907527e-03
3.243769392076875820e-03
3.272088041209941095e-03
3.245325449877825390e-03
3.280958134399524547e-03
3.267709814585891513e-03
3.266007664482015876e-03
3.252600720755420647e-03
3.251139612194502235e-03
3.270906154658099335e-03
3.278683071729738586e-03
3.280860238909526303e-03
3.280242352589081249e-03
3.261287970238043420e-03
3.262992763151215114e-03
3.266879328408956590e-03
3.252701475170718080e-03
3.269975541429511520e-03
3.259154925498643218e-03
3.237437522968093871e-03
3.240427817070645668e-03
3.276987059338432040e-03
3.276597031650703342e-03
3.279298697181000366e-03
3.248065485860487326e-03
3.269553948169990568e-03
3.248881293645343622e-03
3.243948380573315887e-03
3.213685188254608062e-03
3.246446588751061846e-03
3.239528221011093306e-03
3.240033187994067164e-03
3.228698414861597664e-03
3.241145907295127880e-03
3.252704392858204226e-03
3.267639751440875370e-03
3.248951221132499820e-03
3.243967185286418531e-03
3.259700928337867874e-03
3.268455455935922235e-03
3.261738155604209342e-03
3.252875951440485115e-03
3.261318860423256978e-03
3.270321808919031230e-03
3.240660957175587296e-03
3.237050298798742256e-03
3.237597501563336914e-03
3.240131942128709943e-03
3.268837397454522117e-03
3.260445822991224485e-03
3.250086217505079172e-03
3.257380409729224331e-03
3.283858975805418849e-03
3.272776443639656939e-03
3.264779950294124846e-03
3.255319474826030932e-03
3.255808382494993804e-03
3.235996407256702852e-03
3.249953718897760635e-03
3.242794046857987774e-03
3.245024996282691761e-03
3.244930965820577631e-03
3.265850027002079221e-03
3.261793974797784403e-03
3.250780901644686853e-03
3.250534722463802560e-03
3.259028799020409484e-03
3.263649805422132177e-03
3.287521799565373826e-03
3.247592364322848899e-03
3.221800539570154973e-03
3.267346070465860976e-03
3.263917352594398850e-03
3.260804320979614809e-03
3.271278856359291498e-03
3.260471072499162518e-03
3.243632265633528827e-03
3.272237227297515767e-03
3.224358862302634764e-03
3.252133298441341885e-03
3.238329632869409950e-03
3.238486597226234668e-03
3.259100930553741286e-03
3.235200584180045191e-03
3.229489455668790344e-03
3.258495485866971797e-03
3.256546166174990788e-03
3.238308659226211885e-03
3.232157081664036903e-03
3.232773154336558707e-03
3.223473540507624906e-03
3.249454718692795958e-03
3.254312845588134325e-03
3.255544792367900866e-03
3.229867558141236335e-03
3.226022666528138069e-03
3.265216024754036099e-03
3.267048820472331829e-03
3.260987527109103674e-03
3.255585319463621431e-03
3.246079201395744070e-03
3.268659530372251040e-03
3.218625351988572102e-03
3.230171264976698566e-03
3.280501531790054603e-03
3.250480648522006098e-03
3.236947216464045041e-03
3.230270542744111302e-03
3.243262374255238140e-03
3.235457249535353495e-03
3.209411122593295446e-03
3.246396450294837359e-03
3.227167189926446935e-03
3.249952331726927574e-03
3.248362201483112610e-03
3.244017288960015285e-03
3.260440434636986858e-03
3.217199902224662181e-03
3.273446276537746863e-03
3.249140360668419797e-03
3.250526217198749547e-03
3.246057786783045074e-03
3.239567923945357777e-03
3.257558896752633330e-03
3.260985654921628313e-03
3.228744434196071430e-03
3.245904610033646838e-03
3.245890061757959830e-03
3.253430374193618663e-03
3.222364842207109305e-03
3.219514511566155032e-03
3.271568613385299890e-03
3.264174142026123829e-03
3.287760031000575619e-03
3.242030638574982301e-03
3.258658436163100643e-03
3.210386983650900285e-03
3.228485797045075462e-03
3.243887575572292938e-03
3.230805947005811231e-03
3.218114280004393587e-03
3.225546039978343694e-03
3.265525864446120613e-03
3.253514058468082691e-03
3.255962780396431770e-03
3.224467856335738822e-03
3.237218656419059339e-03
3.212450595635834433e-03
3.228210604341767188e-03
3.253150363194951770e-03
3.222066186390612572e-03
3.230081664299579852e-03
3.240745178458650372e-03
3.237124816693729649e-03
3.233144261621818255e-03
3.250480429609542421e-03
3.203823382564503254e-03
3.254685730153405402e-03
3.264847451102444002e-03
3.264926721755532970e-03
3.274521592713917732e-03
3.228624231312213124e-03
3.243542469075451525e-03
3.237360839998711104e-03
3.227100140286366832e-03
3.240015010463429771e-03
3.251450686503639439e-03
3.242326250546959283e-03
3.267226279284887128e-03
3.246137191975845444e-03
3.239638086241712102e-03
3.225093445406303910e-03
3.226156678507623773e-03
3.259180223190925787e-03
3.257688233763380951e-03
3.246743531787101185e-03
3.266681636929958440e-03
3.218784999727184425e-03
3.241337611998353855e-03
3.230431989131123983e-03
3.249433807948685742e-03
3.268034315640036633e-03
3.226158624149501851e-03
3.238638252727491125e-03
3.263387045864173976e-03
3.251334901270383666e-03
3.259059237766710748e-03
3.235284925229704213e-03
3.247597666290499840e-03
3.236670022710507605e-03
3.242019166824585460e-03
3.255853644960168131e-03
3.240440678330131028e-03
3.221042666478586645e-03
3.215738941821872331e-03
3.251139959063860992e-03
3.230520454271149956e-03
3.224456415920336043e-03
3.247911417649640593e-03
3.215380159995369271e-03
3.231990019163131275e-03
3.241666286762445205e-03
3.259189967590872018e-03
3.255186297214083396e-03
3.224627216388222754e-03
3.251888911139366733e-03
3.249187796311537278e-03
3.244157580311933606e-03
3.244161494861001749e-03
3.227733475714938353e-03
3.233787189120403052e-03
3.223304045275922954e-03
3.241532244949259754e-03
3.249755224898130072e-03
3.226530001088957073e-03
3.242869224830565410e-03
3.221078387074336608e-03
3.238505661280693428e-03
3.231339658312855356e-03
3.230983943112123759e-03
3.212250337600514212e-03
3.231326086994454252e-03
3.247186983460329662e-03
3.220807767263907800e-03
3.250635683530574138e-03
3.246090130371011816e-03
3.230118598322200083e-03
3.238601235161176796e-03
3.242475686077128140e-03
3.221602294879046154e-03
3.232578381759515333e-03
3.255952437032545894e-03
3.214197344716693359e-03
3.246001548127083747e-03
3.230939645298923184e-03
3.241835876728579261e-03
3.236423705674949022e-03
3.227940471551821351e-03
3.257846550395920252e-03
3.226335680347814424e-03
3.218986954825601467e-03
3.240601487996631024e-03
3.223075350949547360e-03
3.276951233754689385e-03
3.263633309789611657e-03
3.241821591793214025e-03
3.260424156888078965e-03
3.256559226584280868e-03
3.235096661118483548e-03
3.241544958755305465e-03
3.259657885374181961e-03
3.256751004856280746e-03
3.256487143292721188e-03
3.254975104980629454e-03
3.262722465726217158e-03
3.215468277478999819e-03
3.238941883958863961e-03
3.222156528096337819e-03
3.203726002598971008e-03
3.232621607790769295e-03
3.222921406494657498e-03
3.231470374819261308e-03
3.242544992326489191e-03
3.219140390231384208e-03
3.246301735488885121e-03
3.222603570562975438e-03
3.229553369438855400e-03
3.249885753909440185e-03
3.224474602688862102e-03
3.223076690510035067e-03
3.236766959656633101e-03
3.245863233262380639e-03
3.253405927042141849e-03
3.241536002247604603e-03
3.253237507480468641e-03
3.237291580555805466e-03
3.263084525814541944e-03
3.246676280071890582e-03
3.223289380338869616e-03
3.220366712834303417e-03
3.230343991963036988e-03
3.228521925549538742e-03
3.244951877251696457e-03
3.236840820403591359e-03
3.221712552300578375e-03
3.227389605371938121e-03
3.257899085456526268e-03
3.220181182151253627e-03
3.218966037285892444e-03
3.238674497924841529e-03
3.222876597706912129e-03
3.273355836702004917e-03
3.240844038538694041e-03
3.231292784381120577e-03
3.245332076543287845e-03
3.255411084420055303e-03
3.231055615875656935e-03
3.233542028818542444e-03
3.215019147657796096e-03
3.239018556608178577e-03
3.244286672768105419e-03
3.253257297790871673e-03
3.216816323492819284e-03
3.207721483873635787e-03
3.210806833922269423e-03
3.241481689903190182e-03
3.244529935178869142e-03
3.231835834984372186e-03
3.226911776002429257e-03
3.228597532317011801e-03
3.242004220326061368e-03
3.244541354285563652e-03
3.224360350561627370e-03
3.226964886314217466e-03
3.258055048203025491e-03
3.237461055502883177e-03
3.239811698652518644e-03
3.243510146164839576e-03
3.224833926954010811e-03
3.254519435458274462e-03
3.219784435364564986e-03
3.245321016659126565e-03
3.237671929816161257e-03
3.234115960532762783e-03
3.238912158699400884e-03
3.222365501586279928e-03
3.248281938057491491e-03
3.237140765931721589e-03
3.244578195267352333e-03
3.212942318673413060e-03
3.244596341757050809e-03
3.255633605714334990e-03
3.262825045537043334e-03
3.224428983817949519e-03
3.238142413783823455e-03
3.244332212654570981e-03
3.249431672368009900e-03
3.235210522501286677e-03
3.222200216568128599e-03
3.217845040782029657e-03
3.246669921972034079e-03
3.234524675198612205e-03
3.227624877458563826e-03
3.231164972384801930e-03
3.203454814479034241e-03
3.226518219981194986e-03
3.235778194108754162e-03
3.265678013995720105e-03
3.211901920000473885e-03
3.232121195293165446e-03
3.199140696913068543e-03
3.229179448430285516e-03
3.249289620228620890e-03
3.234488511964072471e-03
3.240997748404572491e-03
3.246913889907158089e-03
3.233591346380069228e-03
3.228919700050107092e-03
3.257131614573385153e-03
3.225483277793647803e-03
3.222528111336797098e-03
3.243903324478184576e-03
3.234651141155244023e-03
3.242314102161299866e-03
3.210353993176560949e-03
3.225620212848192420e-03
3.235267895497823901e-03
3.241327004380514624e-03
3.209830777644607884e-03
3.245610521368856409e-03
3.229372951225994992e-03
3.223184545095820509e-03
3.211751154146787017e-03
3.237260020259251359e-03
3.232673081167594491e-03
3.248729943713938272e-03
3.240325495930380158e-03
3.218557797460828204e-03
3.234058044248739380e-03
3.221327478310444161e-03
3.236406744556692174e-03
3.257780222916259287e-03
3.248398031781011414e-03
3.241544586546581119e-03
3.234816067720207213e-03
3.240571842566947018e-03
3.231069789414529880e-03
3.216365254434674394e-03
3.245979340015026082e-03
3.242729507894320101e-03
3.248628412747951635e-03
3.235089720937878860e-03
3.224381844854511993e-03
3.239907680091354096e-03
3.253752979004573970e-03
3.229334962584868522e-03
3.193690061554196966e-03
3.222023901885509058e-03
3.225412421788267057e-03
3.251846953895962729e-03
3.232552454989978501e-03
3.236718234751571020e-03
3.243599362498655880e-03
3.235950326390387398e-03
3.201694500441107979e-03
3.238714895733205666e-03
3.217904209955116390e-03
3.222669261187840507e-03
3.245099879517552525e-03
3.229130674388213437e-03
3.260361253639533670e-03
3.236810302883794122e-03
3.228918770459383684e-03
3.225428765807018729e-03
3.241832666448031357e-03
3.224013977179778032e-03
3.250544423759066208e-03
3.255084553636896413e-03
3.228764357780402380e-03
3.239321666215769051e-03
3.230864034751976428e-03
3.243226297018455932e-03
3.228641385948410360e-03
3.240322200099145060e-03
3.225961046183235901e-03
3.249128127948512027e-03
3.240408255640577027e-03
3.204483997132022508e-03
3.221757939169651343e-03
3.233795218891639869e-03
3.270822086604431578e-03
3.217123261770203722e-03
3.225279744490060913e-03
3.212788133111162125e-03
3.234493624696589773e-03
3.228040890446085085e-03
3.248169516528202124e-03
3.239636248674022945e-03
3.242624566262204602e-03
3.221920649757415052e-03
3.214215947219290718e-03
3.246985072686045526e-03
3.215587116054898116e-03
3.258698904063516734e-03
3.228870924074667918e-03
3.242753040623439637e-03
3.234169091610140760e-03
3.257622873974050197e-03
3.240656814420978752e-03
3.220467376297595809e-03
3.221064546176064490e-03
3.244903636819631253e-03
3.269226877789444506e-03
3.230219612781679017e-03
3.238649031448710084e-03
3.236119267118498736e-03
3.248232992234809276e-03
3.235381614197258872e-03
3.234291018217979458e-03
3.241815511150644702e-03
3.253406590327068831e-03
3.235445547267548540e-03
3.212531849991218276e-03
3.240760430744395095e-03
3.220742980786898274e-03
3.223440219171911682e-03
3.224944045461550311e-03
3.234671098231534613e-03
3.226247381000806654e-03
3.241984728342617826e-03
3.221997332750228295e-03
3.253757210013258870e-03
3.257585783471929168e-03
3.240809222609573881e-03
3.255737657595685237e-03
3.235286297674851760e-03
3.223404459793171445e-03
3.216636503909742206e-03
3.237371538326869799e-03
3.217407878067599786e-03
3.204512765019160072e-03
3.258990869524638727e-03
3.230919364463597822e-03
3.242487540715242172e-03
3.235275899234060608e-03
3.251005607531721932e-03
3.228334900465267693e-03
3.230312269720583048e-03
3.237069389213312158e-03
3.248717402182588372e-03
3.234307906610522400e-03
3.240864516378871071e-03
3.241705142685399194e-03
3.238064991543514962e-03
3.233676352648726625e-03
3.231432266315417863e-03
3.241834414075750546e-03
3.250505884431102027e-03
3.254013362076719346e-03
3.225187888246522361e-03
3.247755531661884829e-03
3.244794479894655328e-03
3.255884286049413011e-03
3.218023618319256450e-03
3.244748368218264897e-03
3.247646056197536941e-03
3.204218904686682336e-03
3.230483707415017329e-03
3.250357098641595052e-03
3.220114359685552659e-03
3.247107791739782621e-03
3.238077198048046508e-03
3.244670367602868997e-03
3.230675396170768626e-03
3.234331531321729680e-03
3.245886973828618349e-03
3.215030455136951796e-03
3.218263390000129700e-03
3.214947885545797832e-03
3.250759999697825590e-03
3.216519779874014474e-03
3.234272390352469807e-03
3.227934308861810705e-03
3.241701470239188344e-03
3.262666516400868251e-03
3.235801184915956634e-03
3.252598460329490879e-03
3.234267810772784718e-03
3.220971652701901198e-03
3.257742432652420937e-03
3.222177705371785834e-03
3.266665531645931899e-03
3.208832816526020846e-03
3.245998560791664347e-03
3.215664636443476502e-03
3.226771920571343353e-03
3.247649259680829379e-03
3.220990396398727609e-03
3.215158904883607359e-03
3.235621348783000034e-03
3.232768420430678132e-03
3.244342216678666214e-03
3.216186220463022188e-03
3.247314413789487760e-03
3.245881032678967111e-03
3.230069090095186862e-03
3.238377446152579907e-03
3.216286195143914541e-03
3.252654348428398769e-03
3.238787099430959909e-03
3.225268774397283596e-03
3.217941798167189664e-03
3.228992817222921252e-03
3.222735898071803131e-03
3.244327706437306197e-03
3.226710720117173612e-03
3.236999727016023724e-03
3.232112455265293005e-03
3.233229658487390273e-03
3.223064163459143233e-03
3.251718414003956781e-03
3.225461111010790617e-03
3.254732693335025441e-03
3.216869688665317719e-03
3.258839550979834160e-03
3.240995362102901036e-03
3.229444566938867965e-03
3.244765708763463433e-03
3.233685476344038464e-03
3.237531013088259298e-03
3.227131843573601867e-03
3.236937023552893204e-03
3.208961064181412113e-03
3.210472682047147731e-03
3.233905475060094153e-03
3.235422734209829169e-03
3.231278929708110599e-03
3.248661803889261492e-03
3.230004295960020675e-03
3.227240899959235750e-03
3.233613145756484338e-03
3.227050227229927987e-03
3.246308459789666676e-03
3.240638145163521507e-03
3.221609088687700691e-03
3.206452052465841827e-03
3.239953483668676134e-03
3.262737762268324345e-03
3.227049260932563814e-03
3.263605418219304825e-03
3.232393708835545020e-03
3.253878951197051225e-03
3.245751892697031592e-03
3.212508554282404900e-03
3.243943055964427537e-03
3.231302796945316295e-03
3.249527292327309379e-03
3.265277963350123654e-03
3.236626516631711196e-03
3.219417107413568950e-03
3.251264086797173852e-03
3.245500550926574447e-03
3.251778210614623271e-03
3.245449538086226694e-03
3.225507129286129399e-03
3.243773656336881254e-03
3.255971923834435032e-03
3.253465601105201728e-03
3.239556370873581618e-03
3.251993934762197232e-03
3.256111966096159570e-03
3.262778616632841609e-03
3.223248569493589177e-03
3.243476339410736407e-03
3.229806287781013859e-03
3.244823688949981244e-03
3.267041555141719095e-03
3.218921584475038268e-03
3.239613928314426326e-03
3.241938662880418289e-03
3.264828226063295254e-03
3.236966843277772239e-03
3.228901894933937887e-03
3.231683109083043764e-03
3.235878026666227144e-03
3.256352020497853099e-03
3.255202007555513082e-03
3.253817277408331543e-03
3.239421363928025877e-03
3.250115237745901994e-03
3.237411557047363466e-03
3.239870595543126695e-03
3.228320275950913830e-03
3.248826894746967286e-03
3.253904218221831401e-03
3.222154320112813938e-03
3.256198845670016297e-03
3.249736646416895303e-03
3.240075823410555698e-03
3.237580936661197707e-03
3.246804507957585986e-03
3.263029055221245735e-03
3.225712436315467634e-03
3.253651185666963340e-03
3.226720589465689130e-03
3.246512382990847378e-03
3.271894648751602803e-03
3.257530201378773700e-03
3.257249393270492815e-03
3.258281578301185609e-03
3.246602477345409635e-03
3.221316498409457912e-03
3.242441918088890488e-03
3.225374565223528174e-03
3.225041801523964059e-03
3.240713917903080034e-03
3.243200420170107377e-03
3.259758736480356488e-03
3.255959700679074333e-03
3.243238354999654523e-03
3.227889602122258148e-03
3.224529929767052695e-03
3.253400775146297885e-03
3.252915108681294319e-03
3.260747662718750141e-03
3.248923841493433443e-03
3.232633955126891587e-03
3.233766083111786014e-03
3.237340553556864418e-03
3.248006023593331178e-03
3.226980612300140664e-03
3.245166874336615544e-03
3.252278261571724290e-03
3.233129198549437259e-03
3.260326271047889017e-03
3.232590576658326588e-03
3.232005568767153201e-03
3.255339334121281313e-03
3.240343389434041134e-03
3.260940196942649187e-03
3.241737581144750555e-03
3.253068642604251513e-03
3.241656232571663628e-03
3.232185315750737455e-03
3.250236977264822115e-03
3.233840510647003393e-03
3.242274611805494137e-03
3.254135950528732994e-03
3.237301935925672620e-03
3.253480081649312745e-03
3.221576098343166376e-03
3.245106245759023147e-03
3.242620320740832209e-03
3.236538408345997816e-03
3.270500895431481536e-03
3.251835429288391956e-03
3.257472816613044518e-03
3.252548539279893382e-03
3.260379696591944598e-03
3.226922957381798962e-03
3.257554850926118375e-03
3.260939485114391391e-03
3.245426021638050332e-03
3.247316177858878324e-03
3.244975264298332988e-03
3.276461093513072329e-03
3.244746204382471192e-03
3.254881052697936560e-03
3.249885885088475701e-03
3.236108399687587407e-03
3.278138236336641115e-03
3.263917908485322421e-03
3.262084297063704095e-03
3.261396698487305061e-03
3.247329218971088845e-03
3.277130924630708431e-03
3.239261131598184830e-03
3.255309954900460854e-03
3.271256257474054827e-03
3.247768040529271181e-03
3.266869411632995854e-03
3.289542961111726997e-03
3.270780212857252699e-03
3.254374014800940403e-03
3.265856896242587230e-03
3.257421430636679022e-03
3.234339668186964230e-03
3.265455330473550875e-03
3.246732578949904080e-03
3.248139505274961342e-03
3.265742634009934260e-03
3.249310810799873467e-03
3.257295240019867592e-03
3.267625580372712692e-03
3.247373066473296932e-03
3.269426023648592389e-03
3.240285727055399693e-03
3.265775385024932784e-03
3.263245131754628162e-03
3.262242065471513026e-03
3.241061036621876480e-03
3.257140346134575811e-03
3.275859798193653857e-03
3.261202243348820199e-03
3.246633430141767328e-03
3.260278106415512821e-03
3.261113645029286440e-03
3.250960956881570295e-03
3.264712624415301058e-03
3.264357854710942062e-03
3.262042411476792029e-03
3.252753782252849023e-03
3.273909611785243753e-03
3.264536717351123555e-03
3.238830942664679656e-03
3.286283486849121867e-03
3.267969886587820862e-03
3.266570585267413417e-03
3.251226801611883065e-03
3.250731906318764155e-03
3.240061693468397532e-03
3.269938127440545107e-03
3.254648535967694881e-03
3.270946794290434910e-03
3.257111122447735145e-03
3.253499983671682277e-03
3.266609359736016762e-03
3.265927435973542490e-03
3.265818238382762508e-03
3.258006694632829912e-03
3.271439689969761998e-03
3.247658357137132856e-03
3.272239629167799594e-03
3.263588721992759407e-03
3.265111366023428809e-03
3.258826038052124643e-03
3.251988354860237043e-03
3.265695125494786320e-03
3.261811752181412952e-03
3.279948869354135099e-03
3.276100561677808103e-03
3.266641682469763244e-03
3.261369419045835431e-03
3.261508742433137740e-03
3.254992905327772773e-03
3.283382675121583692e-03
3.254455830291223210e-03
3.268824754266772773e-03
3.269427999576389639e-03
3.264921518077271677e-03
3.273496144831019444e-03
3.279825078618033626e-03
3.263266645084949343e-03
3.271606984688622995e-03
3.260249921392580942e-03
3.278238567719716882e-03
3.290028171642633663e-03
3.281141163341538651e-03
3.261001305112320309e-03
3.277227755252869103e-03
3.292292791811664895e-03
3.278011340336815099e-03
3.265141553215381541e-03
3.279145256192254713e-03
3.258853044472720568e-03
3.258213519442448945e-03
3.254368892784646663e-03
3.268742174492340110e-03
3.252510165902756066e-03
3.279604439557951868e-03
3.270672189245433202e-03
3.280166843450674913e-03
3.273492893488765855e-03
3.258938015659433671e-03
3.259208828492275636e-03
3.262347506420686712e-03
3.278638222358807967e-03
3.258897074200000493e-03
3.260937877489713914e-03
3.240700199883992608e-03
3.291585583270029147e-03
3.287887072272079568e-03
3.276181188639493320e-03
3.260818400267877400e-03
3.276911356106187480e-03
3.264366158758589490e-03
3.280558960065092788e-03
3.268364450615904131e-03
3.271692746134828057e-03
3.267134730734212820e-03
3.277952676715086087e-03
3.284193772124133215e-03
3.289088249009817881e-03
3.254319737435773345e-03
3.291233711332428036e-03
3.275074522945437602e-03
3.267770970639107854e-03
3.274398742499397882e-03
3.282575577921548974e-03
3.272277268960270373e-03
3.276725465571480537e-03
3.267149704878868823e-03
3.294148827197094891e-03
3.254951815626924792e-03
3.296004195761185421e-03
3.256143826676882735e-03
3.274457245492272493e-03
3.290402243786524385e-03
3.279648880600553873e-03
3.294320132404905503e-03
3.267186361291847616e-03
3.294418757308687461e-03
3.287738513666584646e-03
3.300971151280225092e-03
3.276478904258935294e-03
3.286820776545961408e-03
3.301684702766146534e-03
3.266697645739312546e-03
3.291653433080010075e-03
3.270945928022996052e-03
3.297115651940987942e-03
3.285954762332837700e-03
3.303402799608935042e-03
3.319552907804066647e-03
3.292706074267791414e-03
3.315568583567888965e-03
3.293280135587875988e-03
3.294611868850427609e-03
3.268963085773034238e-03
3.291730387097550285e-03
3.312246604807787646e-03
3.293609787657525434e-03
3.303765469148062153e-03
3.294783860406061415e-03
3.315285228096816021e-03
3.299341914224334597e-03
3.289599453337331472e-03
3.303486688881504367e-03
3.295815197706642406e-03
3.315482886571055089e-03
3.300789781569989003e-03
3.303152248498133266e-03
3.316300772658235894e-03
3.317177044563450299e-03
3.288763076003802747e-03
3.302085817419886295e-03
3.277364881957686629e-03
3.288422015902554060e-03
3.293475020185396458e-03
3.313587221865689665e-03
3.309346852703063443e-03
3.307447334587992113e-03
3.291733172658144104e-03
3.311725412046448349e-03
3.305926508031683392e-03
3.306307031563792461e-03
3.298493249268725884e-03
3.317456564577235534e-03
3.324773682701639196e-03
3.305069661151289855e-03
3.308664643635379592e-03
3.293366643447621835e-03
3.314186132041207176e-03
3.317553671669932341e-03
3.317154203726060437e-03
3.312413059680113878e-03
3.325001608792527846e-03
3.293488851037626453e-03
3.311854156734636481e-03
3.318324366443488500e-03
3.321584419601604585e-03
3.311619602007547566e-03
3.341290205512210346e-03
3.321210622397307959e-03
3.325442538816452027e-03
3.308025715495896933e-03
3.305299274973921928e-03
3.335355597987713951e-03
3.306882459867888265e-03
3.336331803801371489e-03
3.322823142149396777e-03
3.315958027381762149e-03
3.312019512474231268e-03
3.314712119519163704e-03
3.317974861409818919e-03
3.328865470633476931e-03
3.304382846504447940e-03
3.305388704969650180e-03
3.309571135956233118e-03
3.335574936123574061e-03
3.354834687372645896e-03
3.334173724155997491e-03
3.339894753655853806e-03
3.333538771670275895e-03
3.319447571904494357e-03
3.310964747195438342e-03
3.345669802672049387e-03
3.312507488661590484e-03
3.313760221014200227e-03
3.354412332482763302e-03
3.336212718608641634e-03
3.331408477092238224e-03
3.318785889616820192e-03
3.337177354142149832e-03
3.329177965737446180e-03
3.321427768546571062e-03
3.339125801761727401e-03
3.360063593641967553e-03
3.335797979542943874e-03
3.345676766237894000e-03
3.342750310026751468e-03
3.337543630459152873e-03
3.349887191226026077e-03
3.358504668297913106e-03
3.350874393500540525e-03
3.332377184073334782e-03
3.338975780877125217e-03
3.365820203332735468e-03
3.371032524115164832e-03
3.356734585048515383e-03
3.346330262813430965e-03
3.350381940415978529e-03
3.344475873715194343e-03
3.341921125418755543e-03
3.363658855787634606e-03
3.374888020596247297e-03
3.353904936332705814e-03
3.356119534948762227e-03
3.365464141699796297e-03
3.379232657923514956e-03
3.374925409256708357e-03
3.388815375256914401e-03
3.372431025855862109e-03
3.358321279115952622e-03
3.390785904588989545e-03
3.393854407706218580e-03
3.376822247783568647e-03
3.380388612234057517e-03
3.384721644007747561e-03
3.411528222968693465e-03
3.366013710069061440e-03
3.400713060594488281e-03
3.394550387869744220e-03
3.411046032150536617e-03
3.389563035095943030e-03
3.399981072609787377e-03
3.399453567207242309e-03
3.409599706447216834e-03
3.417703256946508141e-03
3.421899109759066367e-03
3.431740698281643409e-03
3.439751771589027486e-03
3.432202316009561917e-03
3.444174644312357307e-03
3.438795214179256928e-03
3.437027612622037785e-03
3.441158166905972267e-03
3.458623974884324388e-03
3.453236946493919851e-03
3.459903033385278767e-03
3.503242845606542415e-03
3.502708221566445956e-03
3.523744487187298845e-03
3.509723697748392233e-03
3.553706247360295667e-03
3.597625103911355343e-03
3.615999842311922417e-03
3.592973420971652676e-03
3.614433176290272973e-03
3.605103992605261567e-03
3.600127687581745721e-03
3.567217657151800555e-03
3.583502374266109118e-03
3.569815891498498341e-03
3.562814780107094459e-03
3.572113825093933305e-03
3.570391243214243032e-03
3.593767840878597103e-03
3.566960778896584479e-03
3.556333366772955386e-03
3.554946591874303709e-03
3.539644092556085836e-03
3.537761139219015166e-03
3.546692615929033197e-03
3.551679945863795568e-03
3.516847191720289846e-03
3.554318562521137197e-03
3.532122793270747220e-03
3.530894453588789925e-03
3.536880199349082873e-03
3.502765860857998733e-03
3.547304322452459521e-03
3.519656309588085983e-03
3.543289786918329357e-03
3.529761864652609243e-03
3.534308459574041911e-03
3.516326770949572585e-03
3.515038589865398990e-03
3.524910608361629758e-03
3.520880970893239172e-03
3.511312118279587887e-03
3.511922490348109993e-03
3.511804992916498468e-03
3.525857877951146975e-03
3.518906416932691093e-03
3.492345475372483129e-03
3.501858658124979047e-03
3.520050086415067205e-03
3.500151263135212361e-03
3.494579860513608548e-03
3.500863679235893117e-03
3.491880746709441399e-03
3.505560100316346822e-03
3.502095788110188429e-03
3.468489074200074851e-03
3.479735075491304040e-03
3.491448470657889692e-03
3.491303328022248107e-03
3.488326601942621976e-03
3.503354086911652978e-03
3.487523513916344995e-03
3.503457247855346242e-03
3.477412837376337579e-03
3.511076937806317105e-03
3.519996573244583808e-03
3.470032362193702178e-03
3.503277776599583639e-03
3.478842602544131128e-03
3.493417021714994349e-03
3.471482650313792960e-03
3.456321815117493514e-03
3.481869695505005434e-03
3.463616395979003584e-03
3.474867840115809792e-03
3.483846452584286098e-03
3.456764032376465848e-03
3.498502594616106041e-03
3.471565947854158250e-03
3.466919656973170040e-03
3.469546365625999530e-03
3.464132124125273403e-03
3.466302695000327786e-03
3.481160457487956876e-03
3.462155532120213958e-03
3.458090365808413110e-03
3.436157591750285505e-03
3.491969619922197059e-03
3.455528921683396950e-03
3.440939702549733296e-03
3.461193669084753309e-03
3.447608125725276119e-03
3.475080032632832383e-03
3.468578904378798785e-03
3.436786909503137567e-03
3.453568068115167762e-03
3.458704231766902056e-03
3.459830932091027735e-03
3.417143283838242930e-03
3.457404709931925172e-03
3.441455631033935123e-03
3.420211134989652093e-03
3.459184080688596560e-03
3.467116423190294561e-03
3.450329146683503261e-03
3.441564214859810754e-03
3.427011861907280996e-03
3.456588857055785304e-03
3.422545023275126545e-03
3.457383557509136150e-03
3.469373692127164597e-03
3.457659832895565964e-03
3.427004772570559164e-03
3.444976367992807435e-03
3.427452402322395987e-03
3.426582527742682519e-03
3.432034056938524681e-03
3.451793599140576870e-03
3.442133801120995061e-03
3.441999092582737757e-03
3.422909372302672219e-03
3.450308272795641999e-03
3.429510203065186391e-03
3.456231821209253090e-03
3.449568257072739477e-03
3.424997357914948051e-03
3.445989830275016704e-03
3.427436810885778947e-03
3.413481498045888712e-03
3.460078467685799054e-03
3.435595214555991518e-03
3.444536420717676187e-03
3.433870615248608461e-03
3.437069451655555032e-03
3.442838601459204204e-03
3.418033637076556882e-03
3.431446122538731654e-03
3.422641435052269955e-03
3.422704767371214686e-03
3.415985526963120130e-03
3.439141438800472680e-03
3.418370885852868492e-03
3.413413060198221965e-03
3.427663705881455782e-03
3.438205175897001559e-03
3.426478038802922843e-03
3.421242985374188614e-03
3.390661259922735787e-03
3.400914985388405528e-03
3.420325492783910567e-03
3.424121600207505247e-03
3.436860987517573705e-03
3.419912605535926735e-03
3.438974939372837353e-03
3.423574963586647948e-03
3.411619712431676436e-03
3.420053148700609273e-03
3.416733940797102471e-03
3.401802556922074641e-03
3.411632108003718328e-03
3.399478020741935561e-03
3.422475778378034246e-03
3.407098395238440831e-03
3.399852048055681912e-03
3.423649970902208853e-03
3.395449278136037675e-03
3.403478251433136176e-03
3.403622687837871974e-03
3.424727357324171793e-03
3.403909732523402280e-03
3.389349825383576424e-03
3.402964143890648170e-03
3.403541782889264213e-03
3.394756633045816797e-03
3.410130834191806709e-03
3.401993044980899071e-03
3.393723720738340503e-03
3.396635539005987692e-03
3.397225811982112435e-03
3.416522888137184851e-03
3.398380336123481369e-03
3.412317038069426732e-03
3.401829533823968413e-03
3.397988351021925292e-03
3.417158684822140836e-03
3.396889460986867761e-03
3.390209944554514829e-03
3.417034542475889947e-03
3.424964657865559731e-03
3.412356754595745334e-03
3.399402726025935271e-03
3.406973821080483324e-03
3.401935978868549180e-03
3.405580194487375922e-03
3.393913804398636380e-03
3.403186118162007841e-03
3.392536260844811278e-03
3.406226636507456162e-03
3.397745360269110310e-03
3.408919107363952202e-03
3.380744656849416635e-03
3.392098549144171617e-03
3.386274120099803248e-03
3.383676365430226401e-03
3.377128953615718583e-03
3.381415464941320281e-03
3.382014208310937103e-03
3.396115195364699576e-03
3.388917136372289300e-03
3.383708002613301097e-03
3.387111107911867751e-03
3.378090007282501250e-03
3.397230842943496035e-03
3.374615455940278667e-03
3.381963200342848197e-03
3.375326546819362901e-03
3.393343531226505980e-03
3.382701982656344860e-03
3.382886429095620460e-03
3.396691430376253592e-03
3.388409739506105436e-03
3.413767797345868861e-03
3.381059495892048405e-03
3.373974109027005376e-03
3.381064600381501924e-03
3.361466786525618526e-03
3.378273513037241375e-03
3.373249721947382991e-03
3.368999987125362479e-03
3.359886554089181517e-03
3.375121803235607391e-03
3.384177516440506177e-03
3.377695266947777254e-03
3.374052312261744020e-03
3.384597177572243407e-03
3.383110866874964977e-03
3.376537187080470240e-03
3.375472620923283731e-03
3.354291500717049117e-03
3.370868584641736020e-03
3.352367001857798397e-03
3.358970808246188045e-03
3.376667563130807039e-03
3.382959684379015317e-03
3.370519667327182001e-03
3.375396109812320820e-03
3.371910745201238489e-03
3.359355788363640495e-03
3.387550031924793561e-03
3.365189427740428781e-03
3.364919812332933195e-03
3.383205278194755666e-03
3.352617004759764208e-03
3.367396818524483800e-03
3.380680382115262665e-03
3.368244090951465815e-03
3.372870843922061608e-03
3.357808457321657426e-03
3.372127937645693664e-03
3.362725126975726810e-03
3.355962231227343356e-03
3.363201504549554605e-03
3.350833058788453382e-03
3.349024272225160307e-03
3.378146155034212304e-03
3.353699306058653164e-03
3.372876723459890865e-03
3.356710329168898464e-03
3.359466658391174667e-03
3.332425022971161836e-03
3.345271254485056214e-03
3.356821599097429502e-03
3.364012617595631745e-03
3.362322176647398152e-03
3.349024383095221269e-03
3.340078474221384180e-03
3.358394646001135186e-03
3.378323378051812428e-03
3.349037494653446696e-03
3.385863123285329235e-03
3.357873944405002052e-03
3.350867260447462637e-03
3.362094794185793017e-03
3.365388491273017899e-03
3.362753193895483880e-03
3.356058148774317823e-03
3.355998368480191032e-03
3.335857413426868926e-03
3.352666162536341830e-03
3.352065764318128745e-03
3.369074666453842314e-03
3.346691073083693339e-03
3.359348068853319162e-03
3.360331746893071951e-03
3.333014849344458942e-03
3.327285057823056811e-03
3.351146189067787627e-03
3.349482032585528873e-03
3.321768906391552208e-03
3.350046254425910648e-03
3.346269788887240061e-03
3.353553052149948858e-03
3.342271270632622172e-03
3.341688838721463585e-03
3.326801232720717153e-03
3.340171441963465243e-03
3.343187685294708635e-03
3.316737905700188616e-03
3.344103805541685185e-03
3.342273979140078684e-03
3.364561480516072099e-03
3.339212489268706535e-03
3.361343313225034594e-03
3.339387866373066255e-03
3.347814297245984942e-03
3.346372943552302498e-03
3.338860635433825268e-03
3.329579083356440285e-03
3.333461077840087043e-03
3.346291790485881983e-03
3.333893906406528492e-03
3.361798479952153584e-03
3.354680015298839961e-03
3.330613756802088075e-03
3.329435971179790614e-03
3.335454562204044453e-03
3.332687450465296984e-03
3.333962115994938691e-03
3.314247219042012159e-03
3.346744327586873881e-03
3.345218903398513612e-03
3.350048622071802491e-03
3.349550540285150570e-03
3.337693709805199076e-03
3.329054324153389588e-03
3.330993915940554714e-03
3.327175071523471965e-03
3.318634696439454711e-03
3.339850298600737129e-03
3.316172058160768345e-03
3.335012999447218608e-03
3.350042837516818174e-03
3.320562364874231950e-03
3.330233665148617326e-03
3.330457600450615653e-03
3.331482487784227699e-03
3.327267008435274252e-03
3.340132285497578266e-03
3.329690067824467130e-03
3.330635022758837108e-03
3.329222072854529004e-03
3.324736979567953672e-03
3.320844753671643203e-03
3.314734328911440354e-03
3.332012213332730035e-03
3.330359115485261728e-03
3.327287215891674282e-03
3.315693902932371866e-03
3.330810596970541163e-03
3.311472109399519158e-03
3.328490783761178708e-03
3.323824111433764522e-03
3.307703280280034804e-03
3.302501901132668706e-03
3.325199498761084119e-03
3.341747192393285278e-03
3.310304655579918067e-03
3.321577402629937673e-03
3.332656589492599512e-03
3.316536350528981412e-03
3.292374270479593405e-03
3.319171033843328848e-03
3.334488917859557925e-03
3.307235824563481245e-03
3.312307644726235952e-03
3.306149552521237510e-03
3.325129687349349331e-03
3.298541405378754756e-03
3.284512010585047877e-03
3.293615151510063347e-03
3.306502045637814500e-03
3.316324853105523558e-03
3.319585515244431219e-03
3.308262106360472694e-03
3.315217427445970623e-03
3.320035510785047331e-03
3.302356314710905121e-03
3.324666295376271178e-03
3.313527418638636483e-03
3.313543873103402902e-03
3.305854924460608323e-03
3.299886924817201257e-03
3.301177220676892315e-03
3.297104618731985272e-03
3.315104029469119560e-03
3.311149052031037241e-03
3.309236023840578939e-03
3.296164079364203442e-03
3.301712514270488223e-03
3.308939534941089146e-03
3.306786150710072821e-03
3.282732408025145800e-03
3.294900601369783744e-03
3.302573270014771880e-03
3.298811069788997515e-03
3.289751607817940991e-03
3.292689423523793846e-03
3.288850112318399653e-03
3.302741263324365881e-03
3.279580816716983795e-03
3.285943912024661458e-03
3.301318285296848780e-03
3.292893850119237888e-03
3.297391676177084587e-03
3.297224885521585387e-03
3.299036934081850479e-03
3.302585602335503766e-03
3.296622795189292805e-03
3.290307854074783680e-03
3.315255254960289451e-03
3.307078927799444231e-03
3.293992912482673115e-03
3.299508475743547029e-03
3.304627830996750663e-03
3.305263532800150478e-03
3.293911675777915025e-03
3.277177233178053296e-03
3.269239054572384111e-03
3.283238057105166037e-03
3.278873537669641739e-03
3.307074869886322821e-03
3.268336707761185320e-03
3.282708930467230675e-03
3.285380896760619392e-03
3.312095010907482959e-03
3.262509044009843321e-03
3.285385276998553476e-03
3.272665948952180846e-03
3.292290296106689749e-03
3.283084990053580267e-03
3.285946184297459331e-03
3.290749979043557961e-03
3.296864255838671907e-03
3.286681593425949503e-03
3.296929167739491660e-03
3.286578935816240974e-03
3.299169768975525417e-03
3.295904051230841292e-03
3.284316028623959771e-03
3.273164884532835713e-03
3.296571939048570550e-03
3.272870146229208636e-03
3.281483972873641859e-03
3.271833929319591799e-03
3.289504126229360250e-03
3.289346221545079441e-03
3.271823728651096583e-03
3.267358754780923247e-03
3.282998296997030781e-03
3.292246259374398236e-03
3.278407554244151985e-03
3.274612393724095523e-03
3.275214729930332573e-03
3.284232654268919634e-03
3.282482561773340281e-03
3.275234881010673400e-03
3.293784675142846698e-03
3.283468931887703612e-03
3.272683778305854416e-03
3.283241209850541135e-03
3.294798905800187718e-03
3.268494506901256039e-03
3.281651977175856737e-03
3.284796706413386537e-03
3.267955710544954376e-03
3.272363272155039311e-03
3.259157776558058248e-03
3.302474453668528646e-03
3.275672872870991070e-03
3.269969447633720629e-03
3.277832831400964188e-03
3.261651725703225337e-03
3.267246843109107395e-03
3.277134098305561731e-03
3.273607142661835896e-03
3.265196556348717253e-03
3.266218491162652202e-03
3.257862560203872264e-03
3.261614456362065678e-03
3.268125285713188114e-03
3.266537558467666556e-03
3.273638475133156499e-03
3.260355442168437652e-03
3.252798761528642116e-03
3.247747839838567661e-03
3.255822503011908398e-03
3.265274296967034164e-03
3.262734890926126917e-03
3.253318185628350200e-03
3.252066551808690392e-03
3.260469907547718614e-03
3.273822120321466349e-03
3.262314418897425961e-03
3.245077106170300707e-03
3.262316587629628898e-03
3.265029373503899272e-03
3.257292613619560719e-03
3.247447450951888338e-03
3.262061305028983536e-03
3.257045199621287461e-03
3.260632212882867004e-03
3.251686804019119671e-03
3.250216784492252625e-03
3.257551652492171428e-03
3.252134382122181394e-03
3.254436578401640693e-03
3.241932300307255512e-03
3.259212313647519895e-03
3.275242876181751108e-03
3.254382607425375298e-03
3.243619036158361998e-03
3.258511290457499592e-03
3.254251733922296306e-03
3.265389719560413909e-03
3.243635770166672545e-03
3.253385923399047894e-03
3.244887837121006313e-03
3.261766794946720140e-03
3.242754045985798105e-03
3.254719369365353943e-03
3.239671578973386118e-03
3.241036986025109309e-03
3.238514281982047584e-03
3.261869464251791230e-03
3.240927572616675214e-03
3.254832421732777644e-03
3.236418890528180298e-03
3.230592161342980221e-03
3.253282813580873813e-03
3.249030109440467946e-03
3.249367773891639975e-03
3.223450318775604537e-03
3.232096378084418214e-03
3.231726851269457572e-03
3.233113709206648836e-03
3.247930872452530794e-03
3.242429808172824033e-03
3.253926297051086720e-03
3.237885318294764052e-03
3.236647523393722942e-03
3.242249442899607613e-03
3.242449359938700919e-03
3.244267282522620647e-03
3.241523554661295686e-03
3.245709925291225852e-03
3.245321941802345542e-03
3.245100309595595582e-03
3.225776579751947482e-03
3.226635139325326716e-03
3.217093179386033668e-03
3.227708598771641783e-03
3.235641707612840756e-03
3.248299962339861076e-03
3.253517017796154348e-03
3.249982720155876990e-03
3.250821559758380365e-03
3.215579805863906515e-03
3.228557660398166662e-03
3.226751596416710215e-03
3.222129359304407199e-03
3.224907913380631493e-03
3.239950772391964745e-03
3.226763042865832959e-03
3.234838168290581854e-03
3.228091174838849768e-03
3.230435918267222060e-03
3.223001146365112816e-03
3.224660284516660952e-03
3.215167890776635291e-03
3.221537385278188705e-03
3.209923541315703142e-03
3.235032573401422362e-03
3.227740521002687817e-03
3.216650714856098079e-03
3.210980620908014671e-03
3.233686202226699301e-03
3.222901215049531806e-03
3.239987491633915164e-03
3.232264220707130407e-03
3.214152421039911337e-03
3.232065968105169058e-03
3.224630140223627879e-03
3.229501532206959132e-03
3.218796797889899447e-03
3.222021687281512777e-03
3.213741043606772700e-03
3.215187752685623457e-03
3.219142155277184697e-03
3.210051430591159740e-03
3.178924183505274417e-03
3.211554832423994896e-03
3.215012557292537369e-03
3.210207977082329186e-03
3.225051940405284506e-03
3.219665791055723123e-03
3.217446006540204684e-03
3.213721662233615713e-03
3.225462436621356378e-03
3.202844260546262346e-03
3.212852443752468781e-03
3.210239146512487186e-03
3.200971569691616302e-03
3.210576115612713555e-03
3.182697029917867185e-03
3.197258313046738402e-03
3.210983377444687203e-03
3.220329243219232588e-03
3.211573957542680682e-03
3.208346793755343512e-03
3.205134692769437410e-03
3.201006163241816062e-03
3.213730960268981231e-03
3.195872661210720500e-03
3.200630896832044707e-03
3.201998677892160979e-03
3.189397868075423241e-03
3.216345788658277367e-03
3.225734393851128427e-03
3.214330756054094382e-03
3.190475760060576451e-03
3.209194700662475804e-03
3.205929930229024609e-03
3.193064064358837502e-03
3.218997059479787766e-03
3.214427518660999735e-03
3.208038635193429834e-03
3.198056608514936259e-03
3.203119803098415826e-03
3.203896344916629026e-03
3.203018848253897429e-03
3.218150157716492994e-03
3.187181715316487335e-03
3.211719293805546330e-03
3.211274272528196697e-03
3.201082722849530292e-03
3.194545134463833754e-03
3.211461477232407762e-03
3.194609187600364660e-03
3.204596419543144677e-03
3.208723034679260462e-03
3.203476346860774284e-03
3.216641420297472291e-03
3.176528857320479009e-03
3.199344295812481080e-03
3.179055692983624119e-03
3.215919646597619440e-03
3.186890551491959687e-03
3.194393224531485217e-03
3.198292041950221657e-03
3.189843304640517605e-03
3.195099800185644164e-03
3.198707831584483852e-03
3.179911776693637032e-03
3.193650304216731801e-03
3.203543644309613143e-03
3.217799823806237556e-03
3.183369550122429944e-03
3.189352092176468614e-03
3.176577592191818459e-03
3.186229876558537618e-03
3.184167941412342946e-03
3.174266167328289485e-03
3.185469968455256762e-03
3.182268094408001631e-03
3.186330305385354396e-03
3.191509294402490593e-03
3.180810890973281325e-03
3.194172462649073896e-03
3.182469959823331328e-03
3.190895594548725372e-03
3.188984178387583961e-03
3.192705572695398591e-03
3.182787872623125958e-03
3.165067306571818419e-03
3.159887540332631615e-03
3.181706033273978915e-03
3.186984127946145776e-03
3.180851003798384948e-03
3.197610573144713149e-03
3.186595729907802568e-03
3.198638437732820219e-03
3.161789104821326017e-03
3.182154705071963460e-03
3.194905611531745869e-03
3.170706297557840479e-03
3.168774959676782989e-03
3.178047641511925862e-03
3.176650319483131837e-03
3.174716357765808468e-03
3.189521969786482305e-03
3.180228757494749006e-03
3.166926676673213585e-03
3.162229960519950811e-03
3.176953119737068072e-03
3.162261700714757897e-03
3.177297797836071882e-03
3.180272153288039860e-03
3.161260104331988733e-03
3.188916043786838711e-03
3.191556447068141095e-03
3.180586529898841389e-03
3.182998840686866726e-03
3.174792077560307201e-03
3.167110481212477742e-03
3.185246555749856375e-03
3.164667015471508971e-03
3.183917613978322261e-03
3.153470060430830276e-03
3.149818526334293399e-03
3.178156242279773190e-03
3.163518978195210742e-03
3.152807353526981653e-03
3.162903313500959462e-03
3.176153195550208974e-03
3.183391668777876219e-03
3.174880894988044329e-03
3.164265471906780453e-03
3.189622716302372481e-03
3.168082717610619381e-03
3.174777679171487867e-03
3.180599978255513154e-03
3.164453247251187203e-03
3.172007861982996391e-03
3.169292572086014614e-03
3.173034532389719473e-03
3.147067694259225550e-03
3.170491440524066985e-03
3.159946556417576359e-03
3.167578720436466880e-03
3.168247072572017743e-03
3.162952720710579448e-03
3.153522894769557241e-03
3.152059067233513485e-03
3.155045036461953667e-03
3.175145508354807779e-03
3.157709951679710161e-03
3.158796391093527528e-03
3.135403156669519520e-03
3.151364400477663866e-03
3.173920196531474468e-03
3.157215375213575596e-03
3.158988816575129289e-03
3.145604416545268091e-03
3.159728227515517379e-03
3.159363159306885493e-03
3.152610628497337641e-03
3.155212464249414206e-03
3.152765724084053648e-03
3.164641288329521438e-03
3.144145529024628023e-03
3.156340629717242861e-03
3.160950625884497052e-03
3.148718975552466937e-03
3.170722390122035321e-03
3.155294753551383079e-03
3.138243797235500034e-03
3.152910148124250800e-03
3.160004548396785993e-03
3.149447371176809004e-03
3.148524449262527555e-03
3.157033318516458496e-03
3.166763235240468988e-03
3.148644120494401705e-03
3.163234852941053301e-03
3.155887416293220397e-03
3.155457250615328803e-03
3.135537064987187379e-03
3.151779165512775312e-03
3.151518076654628679e-03
3.141408884136029193e-03
3.160992732741402331e-03
3.138387679176679601e-03
3.151415250114876585e-03
3.142950428274294324e-03
3.146912089307130674e-03
3.155647213032751301e-03
3.138634996377280550e-03
3.168125661108857263e-03
3.126235374392669856e-03
3.151130782738906060e-03
3.153827978775815277e-03
3.166043304165394590e-03
3.145052621921786383e-03
3.140209779561089869e-03
3.164537846711583911e-03
3.151182024935933294e-03
3.144872309833371578e-03
3.147861515580455127e-03
3.137973166699266868e-03
3.143447288129362551e-03
3.144646501785280934e-03
3.141617433567429115e-03
3.142042206505414603e-03
3.118384417480886319e-03
3.144762901666527197e-03
3.148037840611998209e-03
3.141726310698640494e-03
3.137050762413366549e-03
3.124031663622251105e-03
3.157537057810558181e-03
3.137987833286268180e-03
3.138844898751749681e-03
3.153837743132948453e-03
3.145642748108590844e-03
3.140415320974429027e-03
3.150970065050734230e-03
3.132182626288069430e-03
3.143985594728819326e-03
3.140273089110130148e-03
3.131514865427794704e-03
3.123203563880494124e-03
3.131780705117204015e-03
3.137376723702562601e-03
3.150927916263973529e-03
3.119535092158034779e-03
3.120952859843245837e-03
3.128459407693631560e-03
3.136699381471682539e-03
3.139597088043762866e-03
3.129821127658816322e-03
3.124940362760872219e-03
3.123061892658655220e-03
3.120181676691083459e-03
3.121516871872201133e-03
3.130997376034032852e-03
3.143263679945292651e-03
3.152786645442919901e-03
3.142765911465173791e-03
3.126794858028238318e-03
3.128142326064790174e-03
3.133034431469812389e-03
3.132190270094985848e-03
3.126845443481802121e-03
3.131495713887776783e-03
3.117862245174381555e-03
3.133627820417263145e-03
3.116119049297699263e-03
3.133042374607919282e-03
3.124292191504370823e-03
3.097910051695241130e-03
3.132159148948320069e-03
3.134222818217592080e-03
3.119771611705206369e-03
3.129539462306701793e-03
3.142260827978330014e-03
3.120903322149165375e-03
3.121001645836321038e-03
3.114120570225773453e-03
3.128613978839044681e-03
3.104734920006460824e-03
3.102213986652128420e-03
3.144086881851660634e-03
3.111958129804057865e-03
3.126149094223858258e-03
3.107515735077896486e-03
3.127781261657314790e-03
3.123518418110642503e-03
3.120765641235873165e-03
3.113618041062401164e-03
3.112668691568058321e-03
3.123754302184499933e-03
3.100012615749520896e-03
3.121935572151181629e-03
3.118889366499297613e-03
3.136947261501393629e-03
3.101579915004333728e-03
3.111607067655195857e-03
3.120041221752778947e-03
3.098313240661946643e-03
3.114609369094509684e-03
3.118806928914514762e-03
3.103319087438525820e-03
3.092952671664202496e-03
3.112204055757670541e-03
3.105703873399959583e-03
3.116252162289570582e-03
3.114792028614913298e-03
3.112475033332638696e-03
3.102307103122064601e-03
3.101022892886962003e-03
3.101229304892484141e-03
3.116169903764843575e-03
3.114610380868875796e-03
3.107507413184014584e-03
3.126289946652558403e-03
3.104030483772088171e-03
3.118260437310770364e-03
3.097724066617775582e-03
3.099429200320644520e-03
3.116704863603462702e-03
3.113860321335592228e-03
3.101964337248188167e-03
3.098661038961591282e-03
3.112312831322532839e-03
3.108484713180704496e-03
3.109630631365606877e-03
3.108278725930435898e-03
3.104658493271552668e-03
3.102785916569292517e-03
3.096264126415743372e-03
3.108994415078378693e-03
3.109826287935801500e-03
3.116121817859236840e-03
3.113674842110848370e-03
3.100864231669147892e-03
3.096574271664418766e-03
3.105582425282099428e-03
3.097576824126371201e-03
3.122536308585238066e-03
3.111141428170672955e-03
3.087798742823858519e-03
3.104451973721599704e-03
3.101515034613997433e-03
3.109713584394031925e-03
3.097100526538506572e-03
3.098739823849195121e-03
3.090330085576677762e-03
3.087076115283982677e-03
3.113067842504235825e-03
3.097525748264930330e-03
3.094380540126755261e-03
3.104921616684843885e-03
3.080781875576272828e-03
3.106247736785582112e-03
3.103358638001462930e-03
3.107834247683790869e-03
3.105151181813101471e-03
3.086339882939354885e-03
3.102397125094862214e-03
3.090137272789067122e-03
3.078127440755106404e-03
3.097729713623789422e-03
3.104966424483041401e-03
3.089193471031805634e-03
3.099096366738947339e-03
3.095262203084301212e-03
3.112371003588489810e-03
3.106618283822549023e-03
3.102394171466182904e-03
3.103454544438676282e-03
3.103715395181020666e-03
3.107249980033837365e-03
3.093754371211570372e-03
3.099361182700784319e-03
3.084745976607185160e-03
3.094855962568546226e-03
3.084806537107047039e-03
3.084583717173381995e-03
3.086013872696307444e-03
3.077858280833665507e-03
3.078544920520303978e-03
3.104082329565835754e-03
3.085242970627666975e-03
3.092937657728548305e-03
3.087780741771831063e-03
3.093027002791143548e-03
3.100263926332848773e-03
3.082654010081374314e-03
3.086221052578381856e-03
3.094912157013302977e-03
3.080620792676682599e-03
3.087809568487045152e-03
3.090950345591334057e-03
3.088152536378217274e-03
3.102531063165137569e-03
3.093898175093269184e-03
3.096819770277529481e-03
3.080943216014206572e-03
3.072031707220345895e-03
3.077749658092098460e-03
3.080848161524423791e-03
3.070425561109355918e-03
3.093319153324530345e-03
3.085970064854140667e-03
3.084429926977115370e-03
3.078086728382713362e-03
3.082641318923228652e-03
3.092051991539847364e-03
3.085716000067749258e-03
3.085116884488447488e-03
3.083752735860500940e-03
3.087051265321264469e-03
3.101416359553795660e-03
3.081077411569016922e-03
3.088811832826039803e-03
3.084950458807327565e-03
3.065772527647205904e-03
3.071119075185649999e-03
3.066257004837273994e-03
3.069579636160887220e-03
3.076027930422172742e-03
3.069871392794421179e-03
3.080520266232091714e-03
3.076952059239228526e-03
3.076156626152344847e-03
3.101285267138155846e-03
3.071875070440086876e-03
3.085350646114969845e-03
3.072551892670509748e-03
3.097310056063248048e-03
3.069823514110970979e-03
3.052546661264459154e-03
3.077856911901303942e-03
3.083508505776068592e-03
3.076136782108384714e-03
3.074283296768563854e-03
3.064631308121781080e-03
3.071610662799523824e-03
3.068208615863300247e-03
3.061042986118515333e-03
3.069130319838376478e-03
3.071250228660362108e-03
3.069748277063119590e-03
3.072200649776300665e-03
3.082096456525823102e-03
3.074760538732391330e-03
3.057023409009164069e-03
3.071426459546489768e-03
3.066437909805190369e-03
3.083873197555369629e-03
3.076641001352696785e-03
3.059270071007869074e-03
3.075839226273033647e-03
3.071210044704040382e-03
3.084554156160464970e-03
3.085003830067995032e-03
3.070285493436276502e-03
3.076855506976544814e-03
3.073669331118075027e-03
3.068269057730407465e-03
3.057185049404204276e-03
3.074185176256090998e-03
3.089109032049545782e-03
3.061274420962807261e-03
3.068730455236310436e-03
3.066151545316561904e-03
3.072824086514263676e-03
3.063921922361157769e-03
3.068831666948123194e-03
3.066787121863772617e-03
3.075080364722915932e-03
3.071156609979868064e-03
3.061542488692454555e-03
3.077563784314399191e-03
3.066592309065924258e-03
3.066234744635808022e-03
3.057717553573425107e-03
3.070308100672375709e-03
3.076097165376509655e-03
3.071931942539934523e-03
3.077063700814792156e-03
3.052821482551801736e-03
3.067672660451619196e-03
3.060510053489170785e-03
3.070501986918817722e-03
3.064672951277821328e-03
3.069307648421392819e-03
3.057395903260132566e-03
3.065157474649095413e-03
3.068779236609297904e-03
3.070892746871052830e-03
3.078143097350157648e-03
3.072442680672413714e-03
3.084494026366989012e-03
3.070312798873881498e-03
3.066102587387572846e-03
3.060411511652081674e-03
3.064129204769784533e-03
3.057541043094763860e-03
3.067699275323560945e-03
3.062482491144431600e-03
3.075555823641168071e-03
3.064751953891442504e-03
3.076480175228331771e-03
3.059806966250245164e-03
3.069675895674876288e-03
3.052724322192667226e-03
3.062329786128546293e-03
3.057058400238189897e-03
3.051893898521159353e-03
3.055328138718607731e-03
3.062288535935728771e-03
3.051158670191862939e-03
3.068663528952919779e-03
3.049578877041832659e-03
3.073224412247214932e-03
3.071539612196635700e-03
3.059515549614758283e-03
3.069948126702676423e-03
3.076987081440703785e-03
3.061962107697014171e-03
3.061984693405269634e-03
3.068229863797713487e-03
3.075643598407585937e-03
3.076677699393261939e-03
3.069356674190375483e-03
3.066539131810001352e-03
3.071246531542617779e-03
3.067343841396107454e-03
3.062659678194734440e-03
3.081681337478558297e-03
3.075180673224647311e-03
3.055809369675034550e-03
3.088654334007103798e-03
3.089333242465414596e-03
3.094409305857997138e-03
3.066500341022955316e-03
3.100807142741513617e-03
3.109565102419381902e-03
3.124721989162541382e-03
3.107868241439487936e-03
3.147983786709282385e-03
3.163790061568506028e-03
3.215707828326590419e-03
3.190665577394073606e-03
3.300712488730173002e-03
3.297189254553284984e-03
